time,debrucesami,providenciacol,fede2001,reygordiflon,thecolombians,elmismosebas,unloquer,estebangiraldo,tarmacreggae,_donkristobal_,selovendoco,pulpomancito,saleconelsol,aerolineaada,promimascota,lionreggaemusic,mrbleat,panorama_laguna,lscfj, fonseca, clopezcorrea,viejasenbola
1377649381310,8403
1377659490365,8405
1377669490365,8420
1377679490365,8402
1377689490365,8400
1377713018164,8406
1377713150120,8406
1377713159865,8406
1377714304192,8410
1377714364543,8407
1377714424354,8407
1377714484535,8407
1377714544883,8407
1377714605219,8407
1377714665735,8407
1377759654117,8413
1377759705060,8413
1377759724475,8413
1377759787457,8413
1377759851051,8413
1377759906911,8413
1377759974124,8413
1377760025332,8413
1377760088693,8413
1377760147901,8413
1377760209960,8413
1377760271490,8413
1377760326905,8413
1377760391318,8413
1377760446699,8413
1377760506375,8413
1377775149315,8414
1377775207235,8414
1377775266662,8414
1377775447874,8414
1377775507651,8414
1377775572006,8414
1377775625742,8414
1377775685534,8414
1377775746975,8414
1377775807796,8414
1377775872624,8414
1377775928018,8414
1377775984238,8414
1377776044976,8414
1377776107287,8414
1377776171663,8414
1377776346951,8414
1377776408291,8414
1377776466434,8414
1377776526141,8414
1377776588156,8414
1377776704048,8414
1377776764540,8414
1377776824950,8414
1377776884777,8414
1377776946560,8414
1377777004539,8414
1377777071060,8414
1377777126435,8414
1377777184035,8414
1377777245295,8414
1377777311476,8414
1377777364291,8414
1377777425093,8414
1377796754077,8420
1377796806899,8420
1377796865586,8420
1377796927005,8420
1377796989887,8420
1377797047042,8420
1377797106652,8420
1377797168567,8420
1377797230769,8420
1377797288217,8420
1377797357542,8420
1377797408822,8420
1377797470593,8420
1377797528080,8420
1377797646926,8420
1377797707180,8420
1377797768073,8420
1377797827833,8420
1377797889827,8420
1377797950523,8420
1377798006574,8420
1377798071081,8420
1377798127426,8420
1377798193909,8420
1377798488258,8420
1377798546834,8420
1377798607690,8420
1377798666039,8420
1377798726069,8420
1377798785635,8420
1377798846188,8420
1377798906825,8420
1377798967296,8420
1377799024667,8420
1377799090076,8420
1377799145642,8420
1377799206238,8420
1377799264594,8420
1377799325481,8420
1377799389709,8420
1377799445147,8421
1377799505486,8421
1377799569130,8421
1377799624911,8421
1377799685218,8421
1377799804435,8421
1377799866133,8421
1377799924369,8421
1377799986579,8421
1377800046606,8421
1377800104632,8421
1377800239227,8421
1377800245409,8421
1377800285954,8421
1377800345355,8421
1377800406071,8421
1377800464192,8421
1377800524850,8421
1377800585557,8421
1377800645893,8421
1377812152640,8424
1377812168065,8424
1377812226687,8424
1377812286484,8424
1377812347905,8424
1377812407229,8424
1377812468112,8424
1377812527259,8424
1377812586044,8424
1377812646901,8424
1377812705883,8424
1377812768636,8424
1377812825951,8424
1377812891981,8425
1377812947734,8425
1377813007571,8425
1377813065459,8425
1377813125169,8425
1377813185406,8425
1377813245980,8425
1377813306576,8425
1377813369195,8425
1377813426090,8425
1377813485354,8425
1377813547480,8425
1377813610754,8425
1377821831341,8428
1377821886416,8428
1377821945412,8428
1377825280403,8428
1377825305595,8428
1377825369605,8428
1377825424855,8428
1377825490640,8428
1377825545095,8428
1377825605179,8428
1377825666610,8428
1378039164776,8454
1378039205130,8454
1378039264999,8454
1378039326526,8454
1378039384630,8454
1378039445707,8454
1378039504314,8454
1378039564460,8454
1378039624683,8454
1378039685112,8454
1378039744981,8454
1378039805541,8454
1378039866542,8454
1378039925507,8454
1378039984626,8454
1378040045159,8454
1378040105435,8454
1378040406323,8454
1378044006566,8454
1378054807314,8457
1378058402916,8459
1378072808401,8462
1378076406664,8463
1378080004416,8466
1378083604401,8463
1378087204465,8464
1378090805053,8463
1378094405117,8464
1378159205778,8472
1378209607422,8481
1378213204037,8479
1378216804736,8479
1378220408581,8481
1378224010670,8479
1378227622524,8477
1378238406452,8477
1378242004040,8478
1378260013973,8487
1378263609138,8485
1378267221140,8488
1378270813063,8490
1378274406963,8489
1378299609745,8489
1378303203456,8489
1378314007275,8492
1378382410980,8506
1378400407524,8509
1378404003512,8510
1378407605598,8511
1378411211299,8514
1378414804206,8516
1378418403562,8513
1378422004172,8511
1378425603452,8511
1378573209041,8532
1378576806021,8532
1378594826925,8537
1378598404544,8537
1378602005379,8537
1378605604895,8538
1378609203478,8539
1378645206555,8539
1378648805011,8540
1378652404480,8540
1378659604930,8544
1378670405834,8550
1378674004998,8550
1378677603246,8550
1378681209529,8553
1378684805013,8552
1378688407662,8552
1378692004964,8552
1378695611143,8553
1378743501340,8556,11818,756,6025,2564,4783,259,355
1378744195843,8556,11818,756,6025,2564,4783,259,355,1596,619
1378756839765,8558,11817,756,6023,2565,4784,259,354,1595,619
1378759554147,8559,11816,756,6024,2565,4785,259,354,1595,619
1378760442069,8557,11815,756,6024,2565,4785,259,354,1595,619
1378764033196,8558,11815,756,6025,2565,4784,259,354,1595,619
1378767628768,8559,11813,756,6024,2565,4785,259,354,1595,619
1378771229406,8559,11814,756,6025,2564,4785,259,354,1595,619
1378774831818,8561,11814,756,6026,2564,4786,259,354,1595,619
1378778433438,8560,11814,756,6028,2564,4786,259,354,1594,619
1378782027344,8559,11816,756,6028,2564,4787,259,354,1594,619
1378785628350,8560,11817,756,6028,2564,4788,259,354,1594,619
1378789229915,8560,11818,756,6028,2564,4788,259,354,1594,620
1378814433877,8562,11819,756,6030,2565,4787,259,354,1594,620
1378818029926,8562,11821,756,6030,2565,4788,259,354,1594,620
1378908776881,8585,11834,756,6040,2569,4795,259,354,1597,621,61,84
1378909623592,8585,11835,756,6040,2569,4795,259,354,1597,621,61,84,67,2537
1378911637351,8586,11833,756,6040,2569,4795,259,354,1597,621,61,84,67,2537
1378915232441,8587,11833,756,6040,2569,4794,259,354,1597,621,61,84,67,2538
1378918866897,8587,11833,756,6040,2569,4794,259,354,1597,622,61,84,67,2539
1378922436937,8586,11834,756,6041,2569,4795,259,354,1597,622,61,85,67,2540
1378926030147,8589,11835,756,6043,2569,4796,260,354,1597,622,61,85,67,2540
1378929653744,8592,11836,756,6043,2569,4795,260,354,1597,622,61,85,67,2540
1378940537953,8595,11839,756,6045,2570,4795,260,354,1597,623,61,85,67,2544
1378957685198,8598,11838,756,6048,2570,4793,260,354,1599,623,61,85,67,2544
1378958453297,8598,11839,756,6049,2570,4793,260,354,1599,623,61,85,67,2544
1378987242852,8596,11839,756,6050,2572,4796,260,354,1597,623,62,84,67,2544
1378990840441,8597,11841,756,6050,2574,4797,260,354,1597,623,62,84,67,2544
1378992838633,8596,11841,757,6050,2574,4797,260,354,1597,623,62,84,67,2546
1378995185635,8598,11841,757,6050,2574,4797,261,354,1597,623,62,84,67,2546
1378998074562,8600,11840,756,6051,2574,4797,261,354,1597,623,62,84,67,2549
1379001673006,8599,11840,756,6051,2574,4797,261,354,1597,623,62,84,67,2550
1379005270737,8599,11840,756,6051,2575,4797,261,354,1597,623,62,84,67,2550
1379008876278,8598,11842,756,6051,2575,4797,261,354,1597,623,62,84,67,2551
1379012475683,8598,11843,756,6051,2575,4797,261,354,1597,623,62,84,67,2551
1379016072637,8600,11844,756,6051,2575,4797,261,354,1597,623,62,84,67,2551
1379019668992,8599,11845,756,6052,2575,4797,261,354,1597,623,62,84,67,2551
1379034080397,8600,11846,756,6051,2578,4797,261,354,1597,623,63,84,67,2558
1379037679911,8601,11846,756,6052,2578,4798,261,354,1597,623,63,84,68,2559
1379041292046,8602,11846,756,6052,2579,4797,261,354,1597,623,63,84,68,2562
1379044867790,8603,11846,757,6052,2579,4795,261,354,1597,623,63,84,70,2565
1379048476478,8604,11846,757,6052,2579,4794,261,354,1597,623,63,84,70,2564
1379052064051,8604,11845,757,6051,2579,4794,261,354,1598,623,63,85,71,2564
1379055667108,8604,11845,757,6051,2579,4794,261,354,1598,623,63,85,71,2564
1379059280887,8604,11845,757,6051,2579,4794,261,354,1598,623,63,85,71,2564
1379062875021,8604,11845,757,6051,2580,4794,261,354,1598,623,63,85,71,2564
1379066469428,8604,11845,757,6051,2580,4794,261,354,1598,623,63,85,71,2564
1379070076428,8604,11845,757,6051,2580,4794,261,354,1598,623,63,85,71,2564
1379073669022,8604,11845,757,6051,2580,4793,261,354,1598,623,63,85,71,2564
1379077276564,8604,11845,757,6051,2580,4793,261,355,1598,623,63,85,72,2566
1379080872555,8605,11846,757,6051,2580,4793,261,356,1598,623,63,85,72,2567
1379084478345,8606,11846,757,6051,2580,4794,261,356,1598,623,63,85,72,2568
1379088074570,8606,11847,757,6051,2580,4794,262,356,1598,623,63,85,72,2567
1379091674735,8606,11847,757,6051,2580,4794,262,356,1598,623,63,85,72,2569
1379102475775,8606,11848,757,6054,2582,4796,262,356,1598,623,63,86,73,2568
1379106084811,8605,11848,757,6055,2582,4796,262,356,1598,623,63,86,73,2568
1379109673589,8607,11848,757,6055,2582,4796,262,356,1598,623,63,86,73,2569
1379113270735,8607,11849,757,6056,2582,4796,262,356,1598,623,63,86,73,2567
1379116876113,8610,11850,757,6056,2582,4795,262,356,1598,623,63,86,73,2567
1379120522843,8611,11850,757,6057,2582,4796,262,356,1598,623,63,86,73,2567
1379124132871,8614,11850,757,6057,2583,4796,262,356,1598,623,63,86,73,2567
1379127671384,8616,11850,757,6057,2583,4796,262,356,1599,623,63,86,73,2567
1379131270718,8616,11850,757,6057,2583,4796,262,356,1600,623,63,86,73,2567
1379134871399,8617,11851,757,6058,2583,4797,262,356,1599,623,63,86,73,2567
1379138471388,8617,11849,757,6058,2583,4797,262,356,1599,623,63,86,73,2568
1379142074111,8617,11849,757,6058,2583,4797,262,356,1599,623,63,86,73,2568
1379145666538,8617,11847,757,6058,2583,4797,262,356,1599,623,63,86,73,2568
1379149265685,8617,11847,757,6058,2583,4797,262,356,1599,623,63,86,73,2568
1379152869564,8617,11847,757,6058,2583,4798,262,356,1599,623,63,86,73,2568
1379156478985,8617,11847,757,6058,2585,4798,262,356,1599,623,63,86,73,2568
1379160073768,8617,11847,757,6058,2585,4796,262,356,1599,623,63,86,73,2568
1379163676548,8617,11847,757,6057,2585,4797,262,356,1599,623,63,86,73,2568
1379167276292,8618,11849,757,6058,2590,4800,262,356,1599,623,63,86,73,2568
1379170888773,8618,11848,757,6058,2592,4801,262,356,1599,623,63,86,73,2569
1379174492860,8620,11850,757,6058,2593,4800,262,356,1599,623,63,86,73,2569
1379178099031,8621,11850,757,6059,2593,4800,262,356,1599,623,63,85,73,2569
1379181714886,8621,11851,757,6059,2594,4800,262,356,1599,623,63,84,73,2570
1379185302755,8623,11851,757,6060,2594,4800,262,356,1599,623,63,84,73,2570
1379188906804,8625,11854,757,6061,2594,4804,262,356,1600,623,63,84,73,2570
1379192503342,8624,11854,757,6061,2596,4807,262,356,1600,623,63,84,73,2570
1379196106491,8626,11856,757,6061,2596,4813,262,356,1600,623,63,84,73,2571
1379199733152,8626,11856,757,6062,2596,4813,262,356,1600,623,63,84,73,2571
1379203270020,8626,11856,757,6062,2596,4814,262,356,1600,623,63,84,73,2571
1379206872742,8625,11856,757,6062,2596,4815,262,356,1600,623,63,84,73,2571
1379210475820,8624,11857,757,6062,2596,4816,262,356,1599,623,63,84,73,2571
1379214076622,8625,11858,757,6062,2596,4817,262,356,1599,623,63,84,73,2572
1379217918215,8625,11860,757,6064,2594,4817,262,357,1599,623,63,84,73,2572
1379221274566,8626,11860,757,6063,2595,4816,262,357,1599,623,63,84,73,2572
1379224872549,8626,11861,757,6064,2595,4818,262,357,1599,623,63,84,73,2572
1379228471161,8626,11861,757,6063,2596,4818,262,357,1599,623,63,84,73,2572
1379232072772,8626,11861,757,6063,2596,4818,262,357,1599,623,63,84,73,2572
1379235721917,8626,11861,757,6063,2596,4818,262,357,1599,623,63,84,73,2572
1379239291065,8625,11860,757,6063,2596,4818,262,357,1599,623,63,84,73,2572
1379242882520,8625,11860,757,6063,2596,4818,262,357,1599,623,63,84,73,2572
1379246489917,8625,11859,757,6063,2596,4818,262,357,1599,623,63,84,73,2573
1379250093462,8625,11859,756,6063,2598,4818,262,357,1599,623,63,84,73,2573
1379253675986,8627,11860,756,6063,2598,4817,262,357,1599,623,63,84,73,2572
1379257288709,8630,11860,756,6064,2598,4817,262,357,1599,623,63,84,73,2572
1379260876939,8632,11860,756,6065,2598,4816,262,357,1599,623,63,84,73,2573
1379264508555,8635,11861,756,6064,2598,4816,262,357,1599,623,63,84,73,2573
1379268126564,8637,11861,756,6064,2598,4817,262,357,1599,623,63,84,73,2573
1379271703343,8641,11863,756,6065,2598,4817,262,357,1600,623,63,84,72,2573
1379275329409,8645,11863,756,6066,2598,4817,262,357,1600,623,63,84,72,2574
1379278956195,8658,11864,756,6066,2598,4817,262,357,1600,623,63,84,72,2574
1379282898252,8688,11866,756,6068,2598,4816,262,357,1601,623,63,84,72,2575
1379286136440,8688,11866,756,6069,2598,4816,262,357,1602,623,63,84,72,2575
1379289735935,8690,11867,756,6069,2599,4817,262,357,1602,623,63,84,72,2575
1379293302826,8695,11868,756,6069,2600,4818,262,356,1602,623,63,84,72,2575
1379296922236,8700,11867,756,6069,2601,4819,262,356,1602,623,63,84,72,2575
1379300502065,8707,11868,756,6069,2601,4820,262,356,1602,623,63,84,72,2575
1379304094677,8713,11868,756,6069,2601,4819,262,356,1602,623,63,84,72,2574
1379307711573,8715,11868,756,6070,2601,4821,262,356,1603,623,63,84,72,2574
1379311318679,8715,11868,756,6071,2601,4824,262,355,1603,623,63,84,72,2573
1379314914139,8716,11868,756,6072,2601,4824,262,355,1603,623,63,84,72,2573
1379318518557,8716,11869,756,6071,2601,4823,262,355,1603,623,63,84,72,2573
1379322131523,8717,11869,756,6071,2601,4823,262,355,1603,623,63,84,72,2572
1379325714929,8717,11869,756,6071,2601,4824,262,355,1603,623,63,84,72,2572
1379329308112,8717,11869,756,6071,2601,4824,262,355,1603,623,63,84,72,2572
1379332936689,8719,11869,756,6071,2601,4823,262,355,1603,623,63,84,72,2572
1379336531701,8719,11869,756,6071,2601,4823,262,355,1603,623,63,84,72,2572
1379340120690,8721,11869,757,6071,2601,4825,262,355,1603,623,63,84,72,2572
1379343701011,8729,11870,758,6071,2601,4825,262,355,1603,623,63,84,72,2573
1379347357006,8732,11871,759,6071,2601,4824,262,356,1603,623,63,84,72,2573,338
1379350951096,8735,11871,759,6072,2601,4826,262,356,1603,623,63,84,72,2574,338,1160
1379354547272,8735,11871,759,6073,2601,4827,262,356,1604,623,63,84,72,2575,339,1160
1379358136207,8736,11871,759,6074,2601,4827,262,356,1604,623,63,84,72,2575,339,1160
1379361871349,8737,11868,759,6074,2601,4824,262,356,1604,623,63,84,71,2575,339,1160
1379362137670,8737,11868,759,6074,2601,4824,262,356,1604,623,63,84,71,2575,339,1160
1379365349284,8739,11868,761,6073,2602,4826,262,356,1604,624,63,84,71,2575,340,1161
1379368922985,8740,11872,761,6073,2603,4827,262,356,1605,623,63,84,71,2576,340,1161
1379372672226,8748,11872,761,6075,2604,4827,262,356,1605,623,63,84,71,2576,340,1161
1379376158251,8748,11872,761,6075,2604,4826,262,356,1605,623,63,84,70,2576,340,1161
1379379709221,8750,11873,761,6074,2604,4826,262,356,1606,623,63,84,70,2576,341,1161
1379383389615,8751,11874,761,6075,2604,4827,262,356,1606,623,63,84,70,2576,342,1162
1379387042545,8751,11875,761,6075,2603,4827,262,355,1606,623,63,84,70,2576,342,1164
1379390567122,8753,11875,761,6075,2603,4827,262,355,1606,623,63,84,70,2575,342,1164
1379394141552,8755,11877,761,6075,2603,4827,262,355,1607,623,63,84,70,2575,342,1164
1379397724992,8757,11877,760,6075,2602,4826,262,355,1607,623,63,84,70,2575,342,1164
1379401412550,8756,11878,760,6074,2602,4826,262,355,1607,623,63,84,70,2575,342,1164
1379404951916,8756,11877,760,6074,2602,4827,262,355,1607,623,63,84,70,2575,342,1164
1379408529038,8756,11877,760,6074,2602,4827,262,355,1607,623,63,84,70,2575,342,1164
1379412142259,8756,11877,760,6074,2602,4826,262,355,1607,623,63,84,70,2575,342,1164
1379415855921,8756,11877,760,6074,2602,4826,262,355,1607,623,63,84,70,2575,343,1164
1379417455278,8755,11876,760,6074,2602,4825,262,355,1607,623,63,84,70,2575,343,1164,1757,6521,2374
1379419362178,8756,11876,760,6074,2602,4825,262,355,1607,623,63,84,70,2575,343,1164,1757,6521,2374
1379423062974,8757,11876,760,6074,2603,4825,262,355,1607,623,63,84,70,2575,343,1164,1757,6521,2374
1379430205661,8754,11877,760,6073,2603,4825,262,355,1608,623,63,84,70,2575,343,1164,1757,6522,2374
1379433711665,8757,11877,760,6073,2603,4826,263,355,1608,623,63,84,70,2577,343,1164,1757,6522,2374
1379437465275,8757,11877,760,6076,2603,4826,263,355,1608,623,63,84,70,2577,343,1164,1758,6522,2374
1379440906152,8756,11878,760,6077,2604,4827,263,355,1608,623,63,84,70,2578,343,1164,1758,6523,2374
1379444500256,8756,11878,760,6077,2605,4827,263,355,1609,623,63,84,70,2578,343,1165,1758,6523,2374
1379448188380,8756,11876,760,6077,2604,4826,263,355,1609,623,63,84,70,2578,344,1165,1758,6523,2374
1379451712158,8756,11879,760,6078,2605,4826,263,355,1609,623,63,84,70,2578,344,1165,1758,6523,2374
1379455322317,8758,11879,761,6078,2605,4824,263,356,1609,623,63,84,70,2580,344,1165,1758,6524,2374
1379458911614,8758,11878,761,6078,2605,4825,263,356,1609,623,63,84,70,2580,344,1165,1758,6524,2374
1379462545331,8761,11880,761,6080,2606,4826,263,356,1610,624,63,85,70,2580,344,1165,1758,6524,2374
1379466130327,8761,11880,761,6079,2606,4826,263,356,1610,624,63,85,70,2580,345,1165,1758,6524,2374
1379469768381,8762,11880,761,6079,2606,4827,263,356,1610,624,64,85,70,2580,345,1166,1758,6523,2375
1379473301427,8764,11880,761,6079,2606,4826,263,356,1610,624,64,85,70,2580,345,1166,1759,6522,2375
1379476915289,8767,11880,761,6080,2606,4826,263,356,1610,624,64,85,70,2579,345,1167,1759,6522,2375
1379480515616,8766,11881,761,6079,2606,4827,263,356,1610,624,64,85,70,2580,345,1167,1759,6522,2375
1379484101701,8766,11881,761,6079,2606,4827,263,356,1610,624,64,84,70,2580,345,1167,1759,6522,2375
1379487702891,8767,11882,761,6079,2606,4826,263,356,1609,624,64,84,70,2580,345,1167,1759,6522,2375
1379491303564,8767,11882,761,6079,2606,4827,263,356,1609,624,64,84,70,2580,345,1167,1759,6522,2375
1379494905664,8767,11882,761,6079,2606,4827,263,356,1609,624,64,84,70,2580,345,1167,1759,6522,2375
1379498508312,8767,11882,761,6079,2606,4827,263,356,1609,624,64,84,70,2580,345,1167,1759,6522,2375
1379502108443,8767,11882,761,6079,2606,4828,263,356,1609,624,64,84,70,2580,345,1167,1759,6522,2375
1379505696967,8767,11882,761,6079,2606,4828,263,356,1609,624,64,84,70,2580,345,1167,1759,6522,2375
1379508024210,8766,11883,761,6080,2606,4828,263,356,1609,624,64,84,70,2580,345,1167,1759,6522,2375,2754008,346
1379509338648,8766,11883,761,6080,2606,4828,263,356,1609,624,64,84,70,2580,345,1167,1759,6522,2375,2754034,346
1379512951166,8769,11884,762,6081,2606,4828,263,356,1609,624,64,84,70,2581,346,1167,1759,6522,2375,2754109,346
1379516545190,8769,11884,762,6081,2607,4827,263,356,1609,624,64,84,70,2581,346,1167,1759,6522,2375,2754205,346
1379520185572,8769,11884,762,6081,2607,4827,263,356,1609,624,64,84,70,2581,346,1167,1759,6522,2375,2754298,345
1379523824145,8769,11884,762,6081,2607,4825,263,356,1608,624,64,84,70,2582,346,1166,1759,6522,2375,2754401,345
1379527335778,8772,11886,762,6083,2607,4825,263,356,1608,624,64,84,70,2583,346,1166,1759,6520,2375,2754482,346
1379530922853,8774,11886,762,6084,2607,4825,263,356,1609,624,64,84,70,2583,346,1166,1759,6520,2375,2754585,346
1379534527268,8775,11886,762,6085,2607,4826,263,356,1609,624,64,84,70,2585,346,1166,1759,6520,2375,2754696,346
1379538134883,8777,11887,762,6086,2608,4828,263,356,1609,624,64,84,70,2585,346,1166,1759,6520,2375,2754841,346
1379541739293,8779,11888,762,6087,2607,4828,263,356,1610,624,64,84,70,2585,347,1166,1759,6520,2375,2754963,346
1379545314451,8779,11889,762,6087,2607,4827,263,355,1610,624,64,84,70,2586,356,1166,1759,6520,2374,2755114,346
1379548930934,8783,11890,762,6087,2607,4827,263,356,1610,624,64,84,70,2586,363,1166,1759,6521,2374,2755204,346
1379552528363,8783,11890,762,6087,2607,4828,263,356,1611,624,64,84,70,2586,384,1167,1759,6521,2374,2755330,346
1379556125227,8784,11890,762,6088,2608,4827,263,356,1611,625,64,84,70,2586,391,1167,1759,6521,2374,2755434,346
1379559729201,8785,11891,762,6090,2607,4827,263,356,1611,625,64,84,70,2586,402,1167,1760,6521,2374,2755521,345
1379563331162,8785,11892,762,6091,2607,4829,263,356,1611,625,64,84,70,2585,405,1167,1760,6520,2374,2755555,345
1379566927223,8785,11893,762,6090,2607,4830,263,356,1612,625,64,84,70,2587,410,1167,1760,6520,2374,2755624,345
1379570528322,8786,11893,762,6090,2609,4831,263,356,1612,625,64,84,70,2587,411,1167,1760,6520,2374,2755638,345
1379574129118,8786,11893,762,6090,2608,4830,263,356,1612,625,64,84,70,2587,411,1167,1760,6520,2374,2755650,345
1379577724183,8786,11893,762,6091,2608,4830,263,356,1612,625,64,84,70,2587,412,1167,1760,6520,2374,2755650,345
1379581320450,8785,11893,762,6091,2608,4831,263,356,1612,625,64,84,70,2587,412,1167,1760,6520,2374,2755652,345
1379584934670,8785,11893,762,6091,2608,4831,263,356,1612,625,64,84,70,2587,413,1167,1760,6520,2374,2755636,345
1379588525531,8785,11894,762,6091,2609,4830,263,356,1612,625,64,84,70,2587,415,1167,1760,6520,2374,2755634,345
1379592126403,8785,11894,762,6091,2609,4830,263,356,1612,625,64,84,70,2587,417,1167,1760,6520,2374,2755640,345
1379595746646,8785,11894,762,6091,2609,4830,263,356,1613,625,64,84,70,2587,419,1167,1760,6519,2374,2755695,345
1379599326772,8786,11894,762,6091,2609,4831,263,356,1613,625,64,84,70,2587,425,1167,1760,6519,2374,2755750,345
1379602948297,8786,11894,762,6091,2608,4831,263,356,1612,626,64,84,70,2588,429,1166,1760,6519,2374,2755832,345
1379606526298,8787,11894,762,6091,2608,4831,263,357,1612,626,64,84,70,2588,433,1166,1760,6519,2374,2755920,345
1379610130357,8787,11894,762,6092,2608,4830,263,357,1613,626,64,84,70,2588,433,1166,1761,6517,2374,2756024,345
1379613729587,8787,11893,762,6093,2608,4830,263,356,1613,626,64,84,70,2588,434,1167,1761,6517,2374,2756111,345
1379617336409,8788,11894,762,6093,2608,4830,263,356,1613,626,64,84,70,2589,438,1167,1761,6516,2374,2756207,345
1379620936999,8789,11896,762,6093,2608,4829,263,356,1613,626,64,84,70,2588,438,1167,1761,6515,2374,2756326,345
1379624651800,8788,11896,762,6093,2608,4829,263,356,1612,626,64,84,70,2590,438,1167,1761,6515,2374,2756441,345
1379628197646,8788,11900,763,6094,2608,4830,263,356,1612,626,64,84,71,2590,439,1167,1761,6515,2374,2756570,345
1379631728085,8792,11900,763,6094,2608,4830,263,356,1613,626,64,84,71,2590,440,1168,1761,6515,2374,2756665,345
1379635345840,8793,11902,763,6096,2608,4830,263,356,1614,626,64,84,71,2590,443,1168,1761,6515,2374,2756752,345
1379639130419,8792,11903,763,6095,2607,4830,263,356,1614,626,64,84,71,2590,445,1168,1761,6515,2374,2756877,345
1379642661531,8794,11904,763,6095,2607,4830,263,356,1614,626,64,84,71,2590,446,1168,1761,6515,2374,2756997,345
1379646155368,8792,11906,764,6096,2607,4830,264,356,1614,626,64,84,71,2589,449,1168,1761,6515,2374,2757088,345
1379649736881,8795,11907,764,6100,2608,4831,264,356,1614,627,64,84,71,2589,450,1168,1761,6515,2374,2757130,345
1379653332499,8795,11907,764,6102,2608,4832,264,356,1614,627,64,84,71,2589,452,1168,1761,6515,2374,2757172,345
1379656932797,8795,11907,764,6102,2608,4835,264,356,1614,627,64,84,71,2589,453,1168,1761,6515,2374,2757187,345
1379660529902,8794,11907,764,6102,2608,4835,264,356,1614,627,64,84,71,2589,453,1168,1761,6515,2374,2757204,345
1379664136113,8794,11907,764,6102,2608,4835,264,356,1614,627,64,84,71,2589,453,1168,1761,6515,2374,2757208,345
1379667737185,8793,11907,764,6102,2608,4835,264,356,1614,627,64,84,71,2590,453,1167,1761,6515,2374,2757218,345
1379671331189,8793,11907,764,6102,2608,4835,264,356,1614,627,64,84,71,2590,453,1167,1761,6515,2374,2757210,345
1379675088256,8793,11907,764,6102,2607,4834,264,356,1614,627,64,84,71,2590,453,1167,1761,6515,2374,2757218,345
1379678527974,8794,11908,764,6102,2607,4834,264,356,1615,628,64,84,71,2590,453,1167,1761,6515,2374,2757229,345
1379682150001,8795,11908,764,6102,2607,4834,264,356,1615,628,64,84,71,2590,453,1167,1761,6515,2374,2757273,345
1379685725839,8795,11908,764,6104,2607,4835,264,356,1615,628,64,84,71,2591,454,1167,1761,6515,2374,2757347,345
1379689330844,8797,11908,764,6105,2608,4836,264,356,1615,628,64,83,71,2590,455,1168,1761,6515,2374,2757419,345
1379692936211,8797,11908,764,6105,2608,4836,264,356,1615,628,63,83,71,2589,457,1168,1761,6514,2374,2757504,344
1379696547930,8799,11909,764,6109,2607,4837,264,356,1616,628,63,83,71,2589,460,1168,1761,6514,2374,2757607,344
1379700155584,8800,11909,764,6110,2607,4838,264,356,1616,628,63,83,71,2590,461,1168,1761,6513,2374,2757673,344
1379703759994,8802,11909,764,6110,2607,4840,264,356,1616,628,63,83,70,2590,463,1168,1761,6513,2374,2757766,344
1379707360905,8803,11910,764,6110,2607,4839,264,356,1617,628,63,83,70,2591,463,1169,1761,6513,2374,2757867,344
1379710949246,8804,11912,764,6111,2608,4839,264,356,1617,628,63,83,70,2590,463,1168,1761,6513,2374,2757986,344
1379714545387,8804,11911,764,6111,2608,4839,264,356,1617,628,63,83,70,2590,463,1169,1761,6513,2374,2758061,344
1379718133914,8805,11910,764,6110,2608,4840,264,356,1617,628,63,83,70,2590,463,1169,1761,6513,2374,2758145,344
1379721746380,8806,11913,764,6110,2607,4840,264,356,1617,628,63,83,70,2590,463,1169,1761,6513,2374,2758240,344
1379725343846,8807,11914,764,6110,2607,4838,264,357,1617,628,63,83,70,2589,464,1169,1762,6513,2374,2758331,345
1379728942138,8808,11913,764,6110,2607,4838,264,357,1617,628,63,83,70,2589,464,1169,1762,6513,2374,2758446,345
1379732533605,8808,11913,764,6110,2607,4837,264,357,1617,628,63,83,70,2589,464,1169,1762,6513,2374,2758496,345
1379736149646,8808,11914,764,6111,2606,4837,264,357,1618,628,63,83,70,2589,464,1169,1762,6514,2374,2758547,345
1379739747207,8809,11914,764,6111,2607,4837,264,357,1618,628,63,83,70,2590,465,1169,1762,6514,2374,2758538,344
1379743338990,8809,11913,764,6110,2607,4837,264,357,1618,628,63,83,70,2590,465,1170,1762,6514,2374,2758573,344
1379746932403,8810,11913,764,6110,2607,4837,264,357,1617,628,63,83,70,2590,465,1170,1762,6514,2374,2758547,344
1379750539054,8809,11914,764,6110,2607,4837,264,357,1617,627,63,83,70,2590,466,1170,1762,6513,2374,2758555,344
1379754136565,8809,11914,764,6110,2607,4837,264,357,1617,627,63,83,70,2590,466,1170,1762,6513,2374,2758539,344
1379757742058,8808,11913,764,6109,2607,4837,264,357,1617,627,63,83,70,2590,466,1170,1762,6513,2374,2758538,344
1379761328122,8808,11913,764,6109,2607,4836,264,357,1617,627,63,83,70,2590,466,1170,1762,6513,2374,2758490,344
1379764956905,8808,11912,764,6108,2608,4836,264,357,1617,627,63,83,70,2590,466,1170,1762,6513,2374,2758504,344
1379768601630,8808,11912,764,6108,2608,4836,264,357,1617,627,63,83,70,2590,466,1170,1762,6513,2374,2758494,344
1379772638135,8809,11912,764,6108,2608,4836,264,358,1617,627,63,83,70,2590,466,1170,1762,6513,2374,2758532,345
1379775913626,8810,11912,764,6108,2608,4836,264,358,1617,627,63,83,70,2590,467,1170,1762,6513,2374,2758567,345
1379779361818,8810,11913,764,6109,2608,4836,264,359,1617,627,63,83,70,2590,468,1170,1762,6513,2374,2758641,345
1379782959873,8810,11913,764,6109,2609,4836,264,359,1617,627,63,83,71,2590,470,1170,1762,6513,2374,2758709,345
1379864393945,8818,11920,763,6113,2611,4841,264,360,1619,629,63,82,71,2590,478,1175,1761,6515,2374,2759700,344
1379865739819,8818,11920,763,6113,2611,4841,264,360,1619,629,63,82,71,2590,478,1175,1761,6515,2374,2759725,344
1379869375917,8818,11920,763,6113,2611,4844,264,360,1619,629,63,82,71,2590,478,1175,1761,6515,2374,2759782,344
1379872967442,8817,11921,763,6113,2611,4844,264,360,1619,629,63,82,71,2590,479,1176,1762,6515,2374,2759860,344
1379876535686,8817,11921,763,6113,2610,4844,264,360,1619,629,63,82,71,2590,479,1176,1762,6515,2374,2759944,344
1379880136122,8818,11922,763,6113,2610,4844,264,360,1619,629,63,82,71,2590,478,1177,1762,6514,2374,2760056,344
1379883755924,8819,11921,763,6113,2610,4844,264,360,1619,629,63,82,71,2590,478,1177,1762,6515,2374,2760132,344
1379887345907,8819,11921,763,6114,2610,4844,264,360,1619,629,63,82,71,2590,476,1177,1762,6515,2375,2760222,344
1379890935571,8819,11921,763,6113,2610,4843,264,360,1619,629,63,82,71,2591,476,1177,1762,6515,2375,2760321,344
1379894621665,8820,11920,763,6114,2610,4843,264,360,1619,629,63,82,71,2590,476,1177,1762,6515,2375,2760398,343
1379898138379,8819,11920,764,6114,2609,4842,264,360,1619,630,63,82,71,2590,477,1178,1763,6515,2375,2760485,343
1379901751716,8819,11919,765,6114,2609,4842,264,360,1619,630,63,82,70,2591,478,1179,1763,6515,2375,2760588,343
1379905352067,8820,11919,765,6115,2609,4844,264,360,1619,630,63,82,70,2591,478,1179,1763,6515,2375,2760624,342
1379908930821,8821,11920,765,6116,2609,4844,264,360,1619,630,63,82,70,2591,479,1179,1763,6515,2374,2760705,342
1379912525461,8822,11920,765,6116,2609,4844,264,360,1619,630,63,82,70,2591,479,1179,1763,6516,2374,2760730,342
1379916137262,8820,11919,765,6116,2609,4844,264,360,1619,630,63,82,70,2591,479,1179,1763,6516,2374,2760768,342
1379919741783,8821,11919,765,6117,2609,4844,264,360,1619,630,63,82,70,2591,479,1180,1763,6516,2374,2760774,342
1379923325943,8821,11919,765,6117,2609,4844,264,360,1619,630,63,82,70,2591,479,1180,1763,6516,2374,2760783,342
1379926935098,8821,11919,765,6117,2609,4845,264,360,1619,630,63,82,70,2591,479,1180,1763,6516,2374,2760777,342
1379930543622,8821,11919,765,6117,2609,4845,264,360,1619,630,63,82,70,2591,479,1180,1763,6516,2374,2760778,342
1379934143398,8821,11918,765,6117,2610,4846,264,360,1619,630,63,82,70,2591,479,1180,1763,6516,2373,2760779,342
1379937725501,8821,11918,765,6117,2610,4846,264,360,1619,630,63,82,70,2591,479,1180,1763,6516,2373,2760801,342
1379941345232,8821,11918,764,6117,2610,4847,264,360,1619,630,63,82,70,2591,479,1180,1763,6516,2373,2760838,342
1379944940504,8821,11918,764,6117,2611,4847,264,360,1619,630,63,82,70,2592,479,1180,1763,6516,2373,2760896,341
1379948558306,8821,11918,764,6117,2611,4847,264,360,1619,630,63,82,70,2592,484,1180,1763,6516,2373,2760994,341
1379952138602,8822,11919,764,6117,2611,4847,264,360,1619,630,63,82,70,2592,484,1181,1763,6516,2373,2761080,341
1379955735782,8822,11919,764,6117,2612,4846,264,360,1619,630,63,82,70,2592,485,1181,1763,6515,2373,2761155,341
1379959337128,8821,11919,764,6117,2612,4846,264,360,1619,630,63,82,70,2592,485,1181,1764,6515,2373,2761230,340
1379962985996,8822,11920,764,6117,2612,4846,264,360,1619,630,63,82,71,2592,485,1181,1765,6515,2373,2761311,340
1379966553822,8822,11920,764,6117,2612,4846,264,360,1619,630,63,82,71,2592,486,1181,1765,6515,2373,2761406,340
1379970143133,8822,11920,764,6117,2613,4845,265,360,1619,630,63,82,71,2592,486,1181,1765,6515,2373,2761517,340
1379973742611,8821,11919,764,6117,2613,4845,265,360,1619,630,63,82,71,2593,487,1182,1765,6515,2374,2761629,341
1379977338715,8823,11921,764,6118,2614,4847,265,360,1619,630,63,82,71,2593,487,1182,1765,6515,2374,2761732,341
1379980946798,8822,11921,764,6118,2615,4847,265,360,1619,630,63,82,71,2593,487,1182,1765,6515,2374,2761853,341
1379984533742,8823,11921,764,6117,2615,4848,265,360,1619,630,63,82,71,2593,488,1183,1765,6515,2374,2761988,341
1379988150801,8824,11923,764,6117,2616,4848,265,360,1619,630,63,82,71,2593,488,1183,1765,6515,2374,2762089,341
1379991750298,8824,11923,764,6117,2616,4848,265,360,1619,630,63,82,71,2593,489,1183,1765,6516,2375,2762125,341
1379995353291,8825,11924,764,6117,2616,4849,265,360,1619,630,63,82,71,2593,490,1183,1765,6515,2375,2762191,341
1379998944237,8825,11925,764,6119,2617,4851,265,360,1619,630,63,82,71,2593,490,1183,1765,6515,2375,2762218,341
1380002543425,8827,11927,764,6121,2617,4851,265,360,1619,630,63,82,71,2593,491,1183,1765,6514,2374,2762254,341
1380006131684,8827,11927,764,6121,2617,4851,265,360,1619,630,63,82,71,2593,491,1183,1765,6513,2374,2762260,341
1380009739430,8828,11927,764,6121,2617,4851,265,360,1619,630,63,82,71,2593,491,1183,1765,6513,2374,2762265,341
1380013339882,8828,11927,764,6121,2617,4851,265,360,1619,630,63,82,71,2593,491,1183,1765,6513,2374,2762256,341
1380016947658,8828,11927,764,6121,2617,4851,265,360,1619,630,63,82,71,2594,491,1183,1766,6513,2373,2762259,341
1380020531388,8828,11927,764,6121,2617,4850,265,360,1619,630,63,82,71,2594,491,1183,1766,6513,2373,2762263,341
1380024331691,8828,11927,764,6121,2617,4850,265,360,1619,630,63,82,71,2594,492,1183,1766,6513,2373,2762276,341
1380027912227,8829,11928,764,6121,2617,4850,265,360,1619,630,63,82,71,2594,492,1183,1766,6514,2373,2762299,341
1380031459895,8830,11929,764,6121,2616,4850,265,360,1619,630,63,82,71,2594,491,1183,1766,6514,2373,2762365,341
1380035112836,8830,11929,764,6121,2616,4851,265,360,1619,630,63,82,73,2595,491,1183,1766,6514,2373,2762428,341
1380038775255,8831,11931,764,6123,2617,4852,265,360,1619,630,63,82,75,2595,491,1183,1766,6514,2372,2762524,341
1380042290622,8832,11931,764,6124,2617,4850,265,360,1619,629,63,82,75,2595,493,1183,1766,6514,2372,2762586,341
1380045745217,8834,11932,764,6124,2617,4850,265,359,1619,629,64,82,75,2595,493,1183,1766,6515,2372,2762646,342
1380049343641,8834,11932,764,6124,2617,4851,265,359,1619,629,64,82,75,2595,493,1184,1766,6515,2372,2762736,343
1380053249794,8834,11932,764,6124,2617,4851,265,359,1619,629,64,82,75,2595,493,1184,1766,6515,2372,2762838,344
1380056770696,8834,11932,764,6124,2618,4850,265,359,1619,629,64,82,76,2595,494,1183,1766,6515,2372,2762932,344
1380060418882,8833,11933,764,6124,2618,4851,265,359,1619,629,64,82,76,2595,493,1183,1766,6515,2372,2763052,344
1380064000731,8834,11934,764,6123,2618,4851,265,359,1619,629,64,82,77,2595,494,1183,1766,6514,2372,2763174,345
1380067670929,8835,11935,764,6123,2618,4851,265,359,1620,629,64,82,77,2595,494,1183,1766,6514,2372,2763282,345
1380071405963,8835,11935,764,6122,2619,4852,265,359,1619,629,64,82,77,2595,494,1184,1765,6513,2371,2763388,346
1380074913106,8835,11935,764,6123,2619,4852,265,359,1619,629,64,82,77,2595,499,1185,1765,6513,2371,2763502,346
1380078494661,8837,11937,764,6123,2619,4852,265,359,1619,629,64,82,77,2595,501,1186,1765,6512,2372,2763582,346
1380081972770,8838,11939,764,6125,2618,4851,265,359,1619,629,64,82,77,2594,504,1186,1765,6512,2371,2763640,346
1380085519144,8840,11941,764,6123,2620,4851,265,359,1619,629,64,82,78,2594,505,1186,1765,6510,2371,2763661,346
1380089055710,8842,11942,764,6124,2620,4851,265,359,1619,629,64,82,78,2594,506,1186,1764,6510,2371,2763693,346
1380092743221,8842,11942,764,6124,2621,4850,265,359,1619,629,64,82,78,2594,506,1186,1764,6510,2371,2763703,346
1380096281341,8842,11942,764,6124,2620,4850,265,359,1619,629,64,82,78,2594,506,1186,1764,6510,2371,2763706,346
1380099877638,8842,11942,764,6124,2620,4851,265,359,1619,629,64,82,78,2594,506,1186,1764,6510,2371,2763697,346
1380103469426,8842,11942,764,6124,2620,4851,265,359,1619,629,64,82,78,2594,506,1186,1764,6510,2371,2763697,346
1380107083800,8842,11942,764,6124,2620,4851,265,359,1619,629,64,82,78,2594,506,1186,1764,6510,2371,2763699,346
1380110573166,8842,11942,764,6124,2620,4851,265,359,1619,629,64,82,78,2595,506,1186,1764,6510,2371,2763710,346
1380114147066,8843,11942,764,6124,2620,4850,265,359,1619,629,64,82,78,2595,506,1186,1764,6510,2371,2763747,346
1380117757134,8843,11942,764,6124,2620,4850,265,359,1619,629,64,82,78,2595,507,1187,1764,6510,2371,2763812,346
1380121365735,8843,11944,764,6124,2620,4851,265,360,1619,629,64,82,78,2596,510,1188,1764,6510,2371,2763874,346
1380124959865,8843,11944,764,6124,2620,4851,265,360,1619,629,64,82,78,2596,512,1188,1764,6509,2371,2763974,346
1380128555642,8843,11944,764,6124,2620,4851,265,360,1619,629,64,82,78,2596,515,1189,1763,6509,2372,2764060,346
1380132154570,8843,11945,764,6125,2617,4852,265,360,1619,630,65,82,78,2596,516,1190,1763,6510,2372,2764130,346
1380135754349,8843,11947,764,6126,2615,4852,265,360,1619,630,65,82,80,2596,516,1190,1763,6510,2372,2764212,345
1380139355092,8842,11945,764,6126,2615,4852,265,360,1619,630,65,82,80,2596,516,1190,1763,6509,2372,2764325,345
1380142957101,8843,11945,764,6126,2615,4852,265,360,1619,630,65,82,80,2597,520,1190,1763,6509,2372,2764444,344
1380146617340,8845,11947,764,6126,2615,4853,265,360,1619,630,65,82,80,2597,539,1191,1764,6508,2372,2764583,344
1380150145106,8845,11947,764,6126,2615,4855,265,360,1619,631,65,82,80,2597,546,1191,1764,6508,2372,2764697,344
1380153744912,8846,11951,764,6126,2615,4856,265,360,1619,631,65,82,80,2597,547,1191,1763,6508,2372,2764805,344
1380157358035,8846,11951,765,6128,2615,4853,265,360,1619,631,65,82,80,2597,550,1191,1763,6508,2372,2764921,344
1380160941364,8846,11952,766,6128,2615,4853,265,360,1619,631,65,82,80,2597,553,1191,1764,6508,2371,2765049,344
1380164554841,8847,11952,766,6126,2615,4853,265,360,1619,631,65,82,80,2597,560,1191,1764,6507,2371,2765100,344
1380168154788,8846,11948,766,6126,2615,4853,265,360,1619,631,65,82,80,2597,564,1191,1764,6507,2371,2765185,344
1380171719786,8846,11948,766,6126,2615,4854,265,360,1619,631,65,82,80,2597,565,1192,1764,6507,2371,2765219,344
1380175323586,8845,11948,766,6126,2615,4855,265,360,1619,631,65,82,80,2597,566,1192,1765,6507,2371,2765258,344
1380178922122,8845,11948,766,6127,2615,4854,265,360,1619,631,65,82,80,2597,566,1192,1765,6507,2371,2765265,344
1380182526507,8845,11948,766,6127,2615,4854,265,360,1619,631,65,82,80,2597,566,1192,1765,6507,2371,2765273,344
1380186125166,8845,11948,766,6127,2615,4854,265,360,1619,631,65,82,80,2597,566,1192,1765,6507,2371,2765277,344
1380189727511,8845,11949,766,6127,2615,4854,265,360,1619,631,65,82,80,2597,566,1192,1765,6507,2371,2765282,344
1380193324383,8845,11949,766,6127,2615,4854,265,360,1619,631,65,82,80,2597,566,1192,1765,6507,2371,2765295,344
1380225732478,8848,11952,767,6131,2615,4859,268,360,1619,631,65,82,80,2596,578,1195,1765,6507,2370,2766020,344
1380229314623,8849,11954,767,6132,2615,4861,268,360,1620,631,65,82,80,2596,580,1195,1764,6508,2370,2766094,344
1380232916756,8851,11954,767,6133,2615,4861,268,360,1620,631,65,82,80,2596,580,1195,1764,6508,2369,2766219,344
1380236527579,8852,11954,767,6131,2615,4860,268,360,1620,631,65,82,80,2596,581,1197,1765,6508,2369,2766320,344
1380240113920,8854,11956,767,6131,2615,4860,268,360,1620,631,65,82,80,2596,581,1197,1765,6508,2369,2766429,344
1380243739285,8856,11956,767,6132,2615,4860,268,360,1620,632,65,82,81,2597,581,1197,1765,6508,2369,2766529,344
1380247323840,8857,11954,767,6133,2615,4860,268,360,1620,632,65,82,81,2596,581,1197,1765,6508,2369,2766654,344
1380250931469,8855,11954,767,6134,2615,4860,268,360,1620,632,65,82,81,2596,582,1197,1765,6508,2369,2766699,344
1380254511035,8858,11955,767,6133,2615,4860,268,360,1620,632,65,82,81,2596,583,1197,1765,6507,2368,2766783,344
1380258117446,8858,11956,767,6134,2615,4859,268,360,1620,632,65,82,81,2596,584,1197,1765,6507,2368,2766795,344
1380261711518,8858,11956,767,6134,2615,4859,268,360,1620,632,65,82,81,2596,584,1197,1765,6507,2368,2766825,344
1380265317232,8857,11956,767,6134,2615,4859,268,360,1620,632,65,82,81,2596,584,1197,1765,6507,2368,2766832,344
1380268916403,8857,11956,767,6136,2615,4860,268,360,1621,632,65,82,81,2596,584,1197,1765,6507,2368,2766839,344
1380272514569,8857,11956,767,6136,2615,4860,268,360,1621,632,65,82,81,2596,585,1197,1765,6507,2368,2766832,344
1380276116310,8857,11956,767,6136,2616,4860,268,360,1621,632,65,82,81,2596,585,1197,1765,6507,2368,2766836,344
1380279718979,8858,11957,767,6137,2616,4860,268,360,1621,632,65,82,81,2596,585,1197,1765,6507,2368,2766837,344
1380283311723,8858,11957,767,6137,2616,4860,268,360,1621,632,65,82,81,2596,585,1197,1765,6506,2368,2766848,344
1380286914829,8859,11957,767,6137,2616,4860,268,360,1621,632,65,82,81,2596,585,1197,1765,6506,2368,2766887,344
1380290521427,8859,11957,767,6137,2617,4860,268,360,1621,632,65,82,81,2596,585,1197,1765,6506,2368,2766939,344
1380294131635,8860,11957,767,6138,2617,4861,268,361,1621,632,65,82,81,2596,585,1197,1765,6506,2368,2767009,344
1380297718087,8860,11957,767,6138,2616,4861,268,361,1621,633,65,82,81,2596,586,1197,1765,6506,2368,2767103,344,1054
1380301335014,8859,11957,767,6138,2616,4862,268,361,1621,633,65,82,81,2596,586,1197,1765,6506,2368,2767185,344,1054
1380304919976,8859,11957,767,6138,2616,4862,268,361,1622,633,65,82,81,2597,588,1197,1765,6506,2368,2767288,344,1054
1380308521414,8858,11958,767,6138,2615,4863,268,361,1622,633,65,82,81,2597,588,1197,1765,6506,2368,2767357,344,1055
1380312124435,8859,11958,767,6138,2615,4863,268,361,1622,633,65,82,81,2597,588,1197,1765,6505,2367,2767463,344,1055
1380315716944,8860,11960,767,6138,2616,4863,268,361,1622,633,65,82,81,2597,588,1198,1765,6505,2367,2767533,344,1054
1380319332441,8860,11959,767,6138,2616,4863,268,361,1622,633,65,82,81,2597,590,1199,1765,6507,2367,2767646,344,1054
1380322923986,8859,11959,767,6138,2616,4864,268,361,1622,633,65,82,81,2598,589,1199,1765,6507,2367,2767720,345,1054
1380326522943,8859,11960,767,6138,2617,4864,268,361,1622,633,65,82,81,2598,589,1199,1765,6507,2366,2767845,346,1054
1380330130867,8859,11961,767,6138,2617,4864,268,361,1622,633,65,82,81,2599,591,1199,1765,6507,2366,2767927,346,1054
1380333855411,8859,11962,767,6138,2617,4864,268,361,1622,633,65,82,81,2599,593,1199,1764,6507,2366,2768050,346,1054
1380337328924,8859,11962,767,6137,2617,4863,268,361,1622,633,65,82,81,2599,597,1199,1764,6507,2366,2768130,346,1054
1380340923434,8863,11963,767,6139,2618,4863,268,361,1622,633,65,82,81,2599,598,1199,1764,6507,2366,2768210,346,1054
1380344521848,8864,11963,767,6139,2618,4863,268,361,1623,633,65,82,81,2599,598,1199,1764,6508,2366,2768221,346,1054
1380348115922,8864,11961,767,6139,2617,4863,268,361,1623,633,65,82,81,2599,598,1199,1764,6509,2366,2768247,345,1054
1380351727900,8862,11961,767,6137,2618,4863,268,361,1623,633,65,82,81,2599,598,1199,1764,6509,2366,2768254,345,1054
1380355314991,8862,11960,767,6137,2618,4863,268,361,1623,633,65,82,81,2600,598,1199,1764,6509,2366,2768261,345,1054
1380358920239,8862,11960,767,6137,2618,4864,268,361,1623,633,65,82,81,2600,598,1199,1764,6509,2366,2768243,345,1054
1380362519437,8862,11960,767,6137,2618,4864,268,361,1623,633,65,82,81,2600,599,1199,1764,6509,2366,2768246,345,1055
1380366119745,8862,11960,767,6137,2618,4864,268,361,1623,633,65,82,81,2600,599,1199,1764,6509,2366,2768244,345,1055
1380369716975,8862,11960,767,6137,2618,4862,268,361,1623,633,65,82,81,2601,599,1199,1764,6509,2366,2768266,345,1055
1380373327793,8862,11960,767,6136,2619,4862,268,361,1623,633,65,82,81,2601,599,1199,1764,6509,2366,2768297,345,1055
1380376925734,8862,11960,767,6136,2619,4863,268,361,1623,633,65,82,81,2601,599,1199,1764,6509,2366,2768340,345,1055
1380380524647,8862,11960,767,6136,2619,4863,268,361,1623,633,65,82,81,2601,601,1199,1764,6509,2366,2768388,345,1055
1380384127162,8863,11960,767,6136,2620,4863,268,361,1624,633,65,82,81,2602,601,1199,1764,6510,2366,2768441,345,1055
1380387723288,8863,11960,767,6136,2620,4863,268,361,1624,633,65,82,81,2602,601,1200,1764,6510,2366,2768513,345,1055
1380391327688,8865,11958,768,6136,2620,4862,268,361,1624,633,65,82,81,2602,601,1200,1764,6510,2366,2768598,345,1055
1380394929608,8867,11959,768,6136,2620,4862,268,361,1624,633,65,82,81,2602,601,1200,1765,6510,2366,2768661,345,1056
1380398554681,8867,11960,768,6136,2620,4861,268,361,1624,633,65,82,81,2602,601,1200,1765,6510,2366,2768754,345,1056
1380402131751,8867,11961,768,6137,2619,4861,268,361,1624,633,65,82,81,2602,602,1200,1765,6509,2367,2768837,345,1056
1380405740857,8867,11963,768,6137,2619,4862,268,361,1625,633,65,82,81,2602,602,1200,1765,6508,2367,2768921,345,1056
1380409329351,8866,11963,768,6138,2619,4862,268,361,1625,633,65,82,81,2602,603,1200,1765,6508,2367,2768949,345,1056
1380412932063,8866,11961,768,6138,2619,4859,268,361,1625,633,65,82,81,2602,604,1201,1766,6507,2367,2769021,345,1057
fede2001: ?
reygordiflon: ?
thecolombians: ?
elmismosebas: ?
1380459866301,8871,11960,768,6142,2621,4862,268,361,1624,633,65,82,81,2602,606,1202,1766,6507,2367,2769362,343,1060
1380463343446,8871,11961,768,6142,2621,4861,268,361,1624,633,65,82,81,2602,606,1202,1766,6507,2367,2769405,343,1060
1380466953160,8872,11961,768,6143,2622,4861,268,361,1624,633,65,83,81,2602,606,1202,1766,6507,2367,2769450,343,1060
1380470638930,8873,11961,768,6144,2622,4861,268,361,1624,633,65,83,81,2602,606,1202,1766,6507,2367,2769495,343,1060
1380474198501,8872,11961,768,6144,2622,4861,268,361,1625,633,65,83,81,2602,607,1202,1766,6508,2366,2769570,343,1060
1380477905898,8873,11960,768,6144,2622,4860,268,361,1625,633,65,83,81,2602,608,1202,1766,6509,2366,2769646,343,1061
1380481395276,8874,11959,768,6143,2622,4860,268,361,1625,633,65,83,81,2602,607,1202,1766,6508,2366,2769721,343,1061
1380484978708,8876,11959,768,6143,2623,4860,268,361,1625,633,64,83,80,2602,607,1202,1766,6508,2366,2769823,343,1062
1380488565574,8877,11960,768,6146,2624,4860,268,361,1625,633,64,83,80,2602,608,1202,1766,6508,2367,2769914,343,1062
1380492124515,8878,11960,768,6147,2624,4861,268,361,1625,633,64,83,80,2603,608,1202,1766,6508,2367,2770025,343,1062
1380495739898,8881,11960,768,6148,2624,4861,268,361,1625,633,64,83,80,2603,609,1202,1766,6508,2367,2770093,343,1063
1380499342860,8881,11960,768,6148,2624,4863,268,361,1624,633,64,83,80,2603,609,1202,1766,6508,2366,2770174,343,1062
1380502926078,8882,11960,768,6149,2624,4863,268,362,1625,633,64,83,80,2604,610,1202,1766,6509,2366,2770247,344,1062
1380506520154,8881,11960,768,6149,2624,4860,268,361,1626,633,64,83,80,2603,613,1203,1766,6509,2365,2770350,344,1062
1380510111108,8881,11960,768,6149,2625,4860,268,361,1626,633,64,83,79,2603,613,1203,1766,6508,2365,2770429,344,1062
1380514015025,8881,11961,768,6150,2625,4862,268,361,1626,633,64,83,79,2603,613,1203,1766,6508,2365,2770519,344,1062
1380517364833,8881,11961,768,6151,2624,4862,268,361,1626,633,64,83,79,2602,613,1203,1766,6507,2365,2770560,344,1062
1380521169775,8882,11961,768,6151,2624,4862,268,361,1627,633,64,83,79,2602,613,1203,1766,6507,2365,2770578,344,1063
1380524736198,8882,11961,768,6151,2625,4862,268,361,1627,633,64,83,79,2602,613,1203,1766,6507,2364,2770585,344,1063
1380528357822,8882,11961,768,6151,2625,4861,268,361,1627,633,64,83,79,2602,613,1203,1766,6507,2364,2770588,344,1063
1380531816836,8882,11961,768,6151,2626,4861,268,361,1627,633,64,83,79,2602,613,1203,1766,6507,2364,2770575,344,1063
1380535415679,8882,11961,768,6151,2628,4863,268,361,1627,633,64,83,79,2602,613,1203,1766,6507,2364,2770574,344,1063
1380539007512,8883,11961,768,6151,2629,4863,268,361,1627,633,64,83,79,2602,614,1203,1766,6507,2364,2770564,344,1063
1380542630162,8883,11961,768,6151,2629,4862,268,361,1627,633,64,83,79,2602,615,1203,1766,6507,2364,2770582,344,1063
1380546190537,8882,11961,768,6151,2629,4862,268,361,1627,633,64,83,79,2602,615,1203,1766,6507,2364,2770608,344,1065
1380549797598,8884,11961,768,6152,2629,4862,268,361,1627,633,64,83,79,2602,616,1203,1766,6507,2364,2770665,344,1065
1380553444216,8885,11961,768,6152,2629,4863,268,361,1627,632,64,83,79,2602,616,1203,1766,6507,2364,2770727,344,1065
1380557260125,8887,11964,768,6154,2629,4865,268,361,1629,632,64,83,79,2602,616,1203,1766,6508,2364,2770829,344,1065
1380560922063,8888,11965,768,6155,2628,4866,268,361,1629,632,64,83,79,2602,616,1203,1766,6508,2364,2770884,344,1065
1380564369948,8888,11966,768,6155,2628,4864,268,361,1629,632,64,83,79,2602,616,1203,1768,6508,2364,2770951,344,1065
1380567713505,8895,11967,768,6155,2628,4864,269,361,1629,632,64,83,79,2602,616,1204,1768,6509,2364,2771027,345,1065
1380571315606,8897,11970,769,6156,2628,4866,270,361,1629,632,64,83,80,2602,616,1204,1767,6509,2364,2771137,345,1065
1380574931947,8898,11971,769,6157,2628,4867,270,361,1629,633,64,83,80,2602,616,1203,1767,6508,2364,2771229,345,1065
1380578540386,8898,11971,769,6158,2628,4866,270,361,1629,633,64,83,80,2602,616,1204,1767,6508,2363,2771338,345,1064
1380582124371,8898,11970,769,6159,2628,4867,270,361,1629,633,64,83,80,2603,616,1204,1767,6508,2363,2771384,345,1064
1380585729836,8899,11971,769,6159,2628,4868,270,361,1629,633,64,83,80,2604,616,1204,1766,6508,2363,2771486,345,1062
1380589342280,8902,11972,769,6162,2629,4867,270,361,1629,633,64,83,80,2604,616,1204,1765,6507,2363,2771602,345,1063
1380592922672,8902,11972,769,6162,2630,4867,270,361,1629,633,64,83,80,2603,617,1204,1764,6507,2364,2771713,345,1062
1380596775824,8903,11973,768,6163,2630,4867,270,361,1629,633,64,83,80,2603,618,1204,1764,6508,2364,2771791,345,1062
1380600518111,8903,11973,768,6163,2630,4868,270,361,1629,633,64,83,80,2603,618,1204,1764,6508,2364,2771846,345,1062
1380604113365,8903,11974,768,6164,2630,4868,270,361,1629,633,64,83,80,2603,618,1205,1764,6508,2364,2771861,345,1062
1380607320364,8903,11974,768,6164,2630,4868,270,361,1629,633,64,83,80,2603,618,1205,1764,6508,2365,2771882,345,1063
1380610993789,8903,11974,768,6164,2630,4868,270,362,1629,633,64,83,80,2603,618,1205,1764,6508,2365,2771886,345,1063
1380614533319,8903,11974,768,6164,2630,4869,270,362,1629,633,64,83,80,2603,618,1205,1764,6508,2365,2771892,345,1063
1380618125499,8903,11974,768,6164,2630,4869,270,362,1629,633,64,83,80,2603,618,1205,1764,6508,2365,2771857,345,1063
1380621737342,8903,11974,768,6164,2630,4869,270,362,1629,633,64,83,80,2603,618,1205,1764,6507,2365,2771860,345,1062
1380625376617,8904,11974,768,6164,2630,4869,270,362,1629,633,64,83,80,2603,618,1205,1764,6507,2365,2771856,345,1062
1380628927036,8904,11974,768,6164,2630,4869,270,362,1629,633,64,83,80,2603,618,1205,1764,6506,2365,2771860,345,1062
1380632561026,8904,11975,768,6164,2630,4869,270,362,1629,633,64,83,80,2603,618,1206,1764,6506,2365,2771880,345,1062
1380636119272,8904,11976,768,6165,2629,4867,270,362,1628,633,64,83,80,2603,618,1206,1764,6506,2365,2771942,345,1062
1380639726176,8905,11976,768,6165,2630,4867,270,362,1628,633,64,83,80,2603,618,1206,1764,6504,2365,2772010,345,1062
1380643336226,8906,11975,768,6165,2630,4867,270,362,1628,633,64,83,80,2603,617,1206,1764,6505,2365,2772098,345,1062
1380646915013,8907,11976,768,6167,2630,4867,270,362,1628,633,64,83,80,2603,618,1205,1764,6505,2365,2772177,345,1062
1380650519371,8908,11977,768,6167,2631,4868,270,362,1628,633,64,83,80,2603,619,1205,1764,6505,2365,2772246,345,1062
1380654164503,8908,11979,768,6167,2631,4868,270,362,1628,633,64,83,80,2603,619,1205,1764,6505,2365,2772319,345,1062
1380657775328,8909,11980,768,6169,2631,4868,269,362,1628,633,64,83,79,2603,619,1205,1764,6505,2365,2772413,345,1062
1383258399908,9134,12195,778,6255,2844,4956,275,371,1660,646,77,92,107,2693,818,1323,1778,6467,2380,2806729,364,1234,8584303,22633610,263,119,1316,401
