time,dbammedellin,estebangira,SaleConElSol,lion.reggae.music,Providenciamusic,likesomecatsfromjapan,mrbleat
1379355091793,33895
1379355247530,33895
1379357061862,33901,1407,4949,81438
1379358210349,33902,1407,4948,81538,41051
1379361863795,33923,1409,4948,81807,41052
1379362309737,33925,1409,4948,81850,41052
1379365453184,33934,1409,4949,82173,41054
1379368992404,33952,1409,4949,82502,41056
1379372710058,33974,1410,4950,82929,41058
1379376205557,34000,1412,4950,83381,41061
1379379801030,34019,1415,4952,83781,41065
1379383484805,34053,1417,4953,84231,41067
1379387055017,34090,1419,4954,84696,41069
1379390629473,34136,1421,4954,85024,41073
1379394211305,34174,1421,4954,85311,41076
1379397870598,34189,1421,4954,85499,41077
1379401412091,34194,1421,4954,85571,41077
1379405015920,34199,1421,4954,85614,41077
1379408611128,34201,1421,4954,85649,41077
1379412200817,34202,1421,4954,85684,41077
1379415875896,34205,1421,4954,85716,41078
1379419431537,34208,1421,4954,85763,41079,4742
1379423047100,34214,1421,4954,85855,41080,4742
1379430258505,34243,1423,4958,86123,41081,4742
1379431564201,34254,1424,4958,86200,41081,4742,6284
1379433808063,34268,1425,4958,86339,41082,4742,6284
1379437456874,34287,1425,4958,86582,41083,4742,6284
1379441001739,34311,1425,4960,86835,41083,4742,6284
1379444594860,34331,1426,4961,87112,41083,4742,6284
1379448243872,34357,1429,4961,87419,41084,4742,6284
1379451802365,34377,1432,4962,87730,41084,4743,6284
