time,dbammedellin,estebangira,SaleConElSol,lion.reggae.music,Providenciamusic,likesomecatsfromjapan,mrbleat,AerolineaADA
1379355091793,33895
1379355247530,33895
1379357061862,33901,1407,4949,81438
1379358210349,33902,1407,4948,81538,41051
1379361863795,33923,1409,4948,81807,41052
1379362309737,33925,1409,4948,81850,41052
1379365453184,33934,1409,4949,82173,41054
1379368992404,33952,1409,4949,82502,41056
1379372710058,33974,1410,4950,82929,41058
1379376205557,34000,1412,4950,83381,41061
1379379801030,34019,1415,4952,83781,41065
1379383484805,34053,1417,4953,84231,41067
1379387055017,34090,1419,4954,84696,41069
1379390629473,34136,1421,4954,85024,41073
1379394211305,34174,1421,4954,85311,41076
1379397870598,34189,1421,4954,85499,41077
1379401412091,34194,1421,4954,85571,41077
1379405015920,34199,1421,4954,85614,41077
1379408611128,34201,1421,4954,85649,41077
1379412200817,34202,1421,4954,85684,41077
1379415875896,34205,1421,4954,85716,41078
1379419431537,34208,1421,4954,85763,41079,4742
1379423047100,34214,1421,4954,85855,41080,4742
1379430258505,34243,1423,4958,86123,41081,4742
1379431564201,34254,1424,4958,86200,41081,4742,6284
1379433808063,34268,1425,4958,86339,41082,4742,6284
1379437456874,34287,1425,4958,86582,41083,4742,6284
1379441001739,34311,1425,4960,86835,41083,4742,6284
1379444594860,34331,1426,4961,87112,41083,4742,6284
1379448243872,34357,1429,4961,87419,41084,4742,6284
1379451802365,34377,1432,4962,87730,41084,4743,6284
1379455400535,34410,1435,4966,88107,41084,4744,6284
1379458998985,34449,1435,4967,88523,41084,4744,6284
1379462614210,34479,1436,4967,88948,41088,4745,6284
1379466202216,34524,1439,4967,89431,41090,4745,6283
1379469816415,34563,1439,4971,89864,41093,4747,6282
1379473399324,34623,1439,4973,90299,41096,4748,6282
1379476996907,34664,1439,4974,90695,41099,4748,6282
1379480600629,34680,1439,4974,90934,41099,4748,6282
1379484202967,34695,1440,4974,91064,41100,4748,6282
1379487796570,34701,1440,4974,91133,41101,4748,6282
1379491401621,34702,1440,4974,91164,41101,4748,6282
1379494998880,34702,1440,4974,91177,41101,4748,6282
1379498599783,34702,1440,4974,91197,41100,4748,6282
1379502197687,34702,1440,4974,91216,41100,4748,6282
1379505797854,34704,1440,4974,91242,41101,4748,6282
1379509422873,34709,1442,4975,91286,41101,4749,6282
1379513023271,34718,1443,4976,91367,41101,4749,6282
1379516614541,34732,1444,4980,91467,41101,4749,6282
1379520238038,34748,1445,4982,91584,41103,4749,6282
1379523844332,34758,1447,4985,91709,41103,4749,6282
1379527408484,34768,1447,4986,91828,41102,4749,6282
1379531006913,34781,1447,4987,91982,41103,4750,6282
1379534602983,34797,1449,4988,92152,41107,4750,6282
1379538218072,34821,1449,4990,92379,41109,4751,6282
1379541806555,34853,1450,4992,92604,41109,4751,6283
1379545402770,34884,1450,4994,92864,41110,4751,6283
1379549012614,34916,1455,4994,93154,41111,4752,6283
1379552606345,34945,1455,4995,93477,41114,4753,6283
1379556207677,34975,1456,4998,93813,41115,4753,6283
1379559809204,35006,1457,4998,94154,41119,4754,6283
1379563413265,35031,1458,5000,94400,41123,4755,6283
1379567008216,35047,1458,5000,94595,41123,4756,6283
1379570609706,35061,1459,5000,94718,41125,4756,6283
1379574214518,35061,1459,5001,94779,41126,4756,6283
1379577810473,35065,1459,5001,94808,41126,4756,6283
1379581408283,35066,1459,5001,94829,41127,4756,6283
1379585012109,35066,1459,5001,94839,41127,4756,6283
1379588609724,35067,1459,5001,94865,41127,4756,6283
1379592206584,35068,1460,5002,94893,41127,4757,6283
1379595822460,35073,1460,5002,94948,41128,4757,6283
1379599405393,35079,1460,5003,95024,41129,4757,6283
1379603015131,35086,1462,5004,95178,41130,4757,6283
1379606611483,35109,1463,5004,95356,41130,4757,6283
1379610209601,35134,1464,5004,95553,41131,4757,6283
1379613812353,35147,1466,5005,95782,41133,4758,6283
1379617408954,35172,1467,5006,95964,41135,4759,6283
1379621006610,35200,1469,5009,96169,41137,4759,6283
1379624671542,35225,1470,5010,96397,41136,4760,6283
1379628245211,35260,1472,5012,96692,41138,4760,6283
1379631214468,35283,1474,5015,96950,41141,4760,6283,7380
1379631830276,35286,1474,5015,97001,41141,4760,6283,7380
1379635452114,35317,1474,5018,97336,41147,4760,6283,7381
1379639181560,35350,1475,5019,97731,41153,4760,6283,7381
1379642733934,35382,1476,5019,98134,41152,4760,6283,7381
1379646226570,35418,1476,5019,98602,41155,4762,6283,7382
1379649822243,35455,1477,5022,98965,41157,4763,6283,7382
1379653424271,35478,1479,5021,99223,41156,4763,6284,7383
1379657026425,35486,1479,5022,99375,41156,4763,6284,7383
1379660630509,35488,1479,5022,99469,41157,4763,6284,7383
1379664232889,35490,1479,5022,99516,41157,4763,6284,7383
1379667825711,35491,1479,5022,99537,41157,4763,6284,7383
1379671432160,35492,1479,5022,99562,41157,4763,6284,7383
1379675125761,35494,1479,5023,99592,41157,4763,6284,7383
1379678625653,35496,1479,5023,99638,41157,4763,6284,7383
1379682232760,35511,1480,5024,99713,41157,4763,6284,7383
1379685848512,35521,1481,5024,99812,41158,4763,6284,7383
1379689434339,35537,1482,5027,99956,41158,4763,6284,7383
1379693036502,35557,1483,5028,100,41161,4763,6284,7383
1379696639588,35585,1486,5029,100,41162,4763,6284,7383
1379700233803,35606,1486,5030,100,41164,4763,6284,7384
1379703891357,35621,1486,5031,100,41167,4763,6284,7384
1379707446211,35638,1488,5032,101,41166,4763,6284,7385
1379711032368,35652,1489,5035,101,41167,4763,6284,7385
1379714634188,35670,1489,5037,101,41170,4763,6284,7385
1379718232902,35695,1491,5038,101,41171,4763,6284,7386
1379721834334,35736,1491,5038,102,41173,4763,6284,7386
1379725432125,35767,1491,5039,102,41175,4763,6286,7386
1379729030433,35798,1492,5040,103,41176,4763,6287,7386
1379732644798,35828,1493,5040,103,41177,4765,6287,7386
1379736233724,35855,1494,5040,104,41179,4765,6287,7387
1379739835484,35881,1495,5040,104,41181,4765,6287,7387
1379743453274,35895,1495,5040,104,41181,4766,6287,7387
1379747030243,35907,1495,5040,104,41182,4766,6288,7387
1379750631366,35909,1495,5040,104,41182,4766,6288,7387
1379754232092,35911,1495,5040,104,41182,4766,6288,7387
1379757834405,35913,1495,5040,104,41182,4766,6288,7387
1379761426049,35914,1495,5040,104,41182,4766,6288,7387
1379765059325,35915,1495,5040,104,41182,4766,6288,7387
1379768642053,35917,1496,5041,104,41182,4766,6288,7388
1379772587428,35926,1496,5041,105,41183,4766,6289,7388
1379776890944,35939,1496,5042,105,41184,4766,6289,7388
1379779477520,35967,1497,5042,105,41186,4766,6289,7388
1379783038875,35994,1499,5042,105,41187,4766,6289,7389
1379786620474,36023,1499,5043,106,41189,4766,6289,7390
1379790220583,36043,1500,5043,106,41192,4766,6289,7390
1379793820192,36064,1500,5043,106,41195,4766,6289,7390
1379797422038,36084,1502,5044,107,41196,4766,6289,7391
1379801021383,36103,1503,5044,107,41198,4766,6289,7391
1379804618798,36125,1504,5044,107,41205,4767,6289,7391
1379808219748,36158,1504,5044,108,41207,4767,6289,7391
1379811822113,36186,1504,5045,108,41212,4767,6289,7391
1379815419408,36200,1505,5045,108,41212,4767,6289,7391
1379819030403,36222,1505,5047,109,41212,4768,6289,7391
1379822620219,36250,1505,5048,109,41215,4768,6289,7390
1379826219301,36273,1505,5048,109,41217,4768,6289,7391
1379829818175,36283,1506,5050,110,41217,4768,6288,7391
1379833416651,36291,1506,5051,110,41216,4768,6288,7391
1379837017469,36291,1506,5051,110,41216,4768,6288,7391
1379840616853,36292,1506,5051,110,41216,4768,6288,7391
1379844218781,36292,1506,5051,110,41215,4768,6288,7391
1379847818336,36294,1506,5051,110,41215,4768,6288,7391
1379851420917,36295,1506,5051,110,41215,4768,6288,7391
1379855021360,36295,1507,5051,110,41215,4768,6288,7391
1379858633371,36305,1507,5051,110,41215,4768,6288,7391
1379862234125,36322,1508,5052,110,41217,4768,6288,7391
1379865840987,36335,1508,5052,110,41219,4768,6288,7392
1379869446950,36356,1508,5052,111,41221,4768,6288,7392
1379873039838,36374,1511,5052,111,41220,4768,6288,7393
1379876639102,36406,1513,5052,111,41223,4768,6288,7393
1379880235150,36445,1513,5053,112,41226,4768,6288,7393
1379883840164,36468,1513,5053,112,41227,4768,6288,7393
1379887433102,36497,1514,5054,112,41228,4768,6288,7393
1379891030620,36526,1514,5056,113,41227,4768,6288,7393
1379894658486,36559,1516,5057,113,41230,4768,6288,7393
1379898235979,36606,1518,5057,113,41236,4768,6288,7394
1379901846276,36646,1522,5060,114,41239,4768,6288,7394
1379905439103,36670,1523,5060,114,41243,4768,6288,7394
1379909026016,36709,1523,5060,115,41246,4768,6288,7394
1379912625565,36733,1523,5062,115,41251,4768,6288,7394
1379916233417,36740,1523,5062,115,41251,4768,6288,7394
1379919833760,36743,1523,5062,115,41251,4768,6288,7394
1379923429666,36745,1523,5062,115,41251,4768,6288,7394
1379927037464,36745,1523,5062,115,41251,4768,6288,7394
1379930645865,36745,1523,5061,115,41251,4768,6288,7394
1379934233517,36745,1523,5061,115,41251,4768,6288,7394
1379937832919,36748,1523,5061,115,41250,4768,6288,7394
1379941435369,36750,1523,5061,115,41250,4768,6288,7394
1379945038100,36756,1523,5063,115,41249,4768,6288,7393
1379948640420,36765,1523,5063,116,41250,4768,6288,7393
1379952239455,36778,1526,5064,116,41251,4768,6288,7393
1379955833462,36795,1527,5065,116,41254,4768,6288,7393
1379959439448,36820,1527,5065,116,41256,4768,6289,7394
1379963057898,36834,1529,5066,117,41260,4768,6289,7394
1379966645067,36852,1530,5066,117,41262,4768,6290,7395
1379970244005,36874,1531,5066,117,41266,4768,6290,7395
1379973817688,36897,1533,5066,117,41268,4768,6290,7395
1379977435143,36919,1537,5067,118,41271,4768,6290,7395
1379981041425,36939,1538,5067,118,41271,4768,6290,7395
1379984642259,36977,1542,5068,119,41275,4768,6290,7395
1379988418766,37012,1544,5068,119,41279,4768,6290,7396
1379991843389,37046,1545,5068,119,41281,4767,6290,7396
1379995446873,37075,1545,5068,120,41283,4767,6290,7396
1379999040737,37098,1545,5069,120,41286,4767,6290,7396
1380002637128,37111,1545,5069,120,41287,4767,6290,7396
1380006237949,37114,1545,5069,120,41288,4767,6290,7396
1380009839006,37115,1545,5069,120,41289,4767,6290,7396
1380013435102,37116,1545,5069,120,41290,4767,6290,7396
1380017047605,37116,1545,5069,120,41290,4767,6290,7396
1380020635584,37117,1545,5069,120,41291,4767,6290,7396
1380024375389,37126,1545,5069,120,41291,4767,6290,7396
1380027979665,37129,1545,5069,120,41291,4767,6290,7396
1380035146883,37150,1547,5069,121,41296,4767,6289,7396
1380038761763,37167,1547,5069,121,41298,4767,6289,7396
1380042283867,37180,1550,5070,121,41300,4767,6290,7396
1380045838974,37193,1551,5072,121,41301,4767,6290,7396
1380049442922,37211,1553,5073,122,41305,4768,6290,7396
1380053232758,37223,1554,5073,122,41306,4768,6290,7397
1380056868639,37237,1555,5074,122,41308,4768,6290,7397
1380060430928,37252,1557,5076,122,41308,4768,6290,7396
1380063970314,37273,1557,5076,123,41308,4768,6290,7396
1380071299415,37332,1561,5080,124,41312,4768,6289,7396
1380074884353,37349,1563,5081,124,41315,4768,6289,7396
1380075470360,37303,1557,5078,123,41310,4768,6290,7396
1380078470005,37382,1565,5082,125,41320,4767,6289,7396
1380082046718,37413,1565,5082,125,41320,4767,6289,7396
1380085559732,37435,1565,5082,125,41320,4767,6289,7396
1380089131902,37442,1566,5084,125,41321,4767,6289,7396
1380092731027,37445,1566,5084,125,41322,4767,6289,7396
1380096323219,37445,1566,5084,125,41323,4767,6289,7396
1380099967527,37446,1566,5084,125,41323,4767,6289,7396
1380103540857,37446,1566,5084,125,41323,4767,6289,7396
1380107137209,37446,1566,5085,125,41322,4767,6289,7396
1380110695468,37446,1566,5086,125,41322,4767,6289,7396
1380114249049,37451,1566,5087,126,41324,4767,6289,7396
1380117850611,37457,1566,5091,126,41323,4767,6289,7396
1380121454976,37461,1568,5091,126,41323,4767,6289,7396
1380125055281,37469,1568,5092,126,41324,4767,6289,7396
1380128646716,37479,1570,5092,126,41325,4767,6289,7398
1380132244458,37487,1571,5094,127,41327,4767,6289,7398
1380135845250,37500,1572,5098,127,41327,4767,6289,7398
1380139451549,37516,1572,5099,127,41327,4767,6289,7398
1380143054146,37532,1572,5099,128,41331,4767,6289,7398
1380146699760,37550,1573,5100,128,41334,4767,6289,7398
1380150251177,37567,1574,5103,128,41337,4767,6289,7398
1380153954241,37584,1575,5106,129,41338,4767,6289,7398
1380157451060,37606,1576,5109,129,41340,4767,6288,7399
1380161037076,37632,1577,5112,130,41342,4767,6288,7400
1380164655511,37659,1577,5113,130,41344,4767,6288,7400
1380168259064,37689,1581,5114,130,41348,4767,6288,7400
1380171825643,37703,1581,5114,131,41350,4767,6288,7400
1380175431603,37712,1582,5115,131,41351,4767,6288,7400
1380179026005,37713,1582,5115,131,41352,4767,6288,7400
1380182621565,37713,1582,5115,131,41352,4767,6288,7400
1380186230089,37714,1582,5115,131,41352,4767,6288,7400
1380189823555,37715,1582,5115,131,41352,4767,6288,7400
1380193421276,37715,1582,5116,131,41353,4767,6288,7400
1380225820256,37806,1589,5130,133,41370,4768,6288,7401
1380229421449,37820,1590,5133,133,41371,4768,6288,7401
1380233013460,37842,1591,5137,134,41372,4768,6288,7401
1380236611723,37859,1592,5142,134,41373,4768,6288,7401
1380240224380,37872,1595,5147,135,41375,4768,6288,7401
1380243826032,37883,1596,5150,135,41379,4768,6289,7401
1380247427040,37894,1596,5153,135,41381,4768,6289,7401
1380251026992,37910,1593,5156,136,41383,4768,6289,7400
1380254620114,37933,1593,5157,136,41384,4768,6289,7400
1380258214490,37949,1593,5157,137,41387,4768,6289,7400
1380261813455,37957,1593,5160,137,41387,4768,6289,7400
1380265418537,37959,1593,5161,137,41387,4768,6289,7400
1380269018083,37959,1593,5161,137,41387,4768,6289,7400
1380272611459,37959,1593,5161,137,41387,4768,6289,7400
1380276220848,37961,1593,5161,137,41387,4768,6289,7400
1380279818014,37961,1593,5161,137,41388,4768,6288,7400
1380283416858,37963,1593,5163,137,41388,4768,6288,7400
1380287027122,37965,1593,5166,137,41388,4768,6288,7400
1380290620179,37975,1595,5169,137,41388,4768,6288,7400
1380294231084,37981,1595,5176,137,41388,4768,6288,7400
1380297811881,37996,1595,5178,138,41391,4768,6288,7400
1380301420807,38010,1596,5184,138,41393,4768,6288,7400
1380305022260,38014,1599,5190,138,41394,4768,6288,7400
1380308622072,38024,1599,5199,138,41397,4768,6288,7400
1380312225161,38036,1601,5203,139,41398,4768,6288,7400
1380315820008,38045,1602,5202,139,41400,4768,6288,7400
1380319427818,38055,1605,5203,139,41405,4768,6287,7401
1380323018144,38067,1606,5204,140,41409,4768,6288,7401
1380326633678,38077,1608,5205,140,41411,4768,6288,7401
1380330224034,38095,1609,5209,141,41412,4768,6288,7401
1380333900864,38111,1610,5210,141,41417,4768,6288,7401
1380337419675,38122,1611,5210,141,41418,4768,6288,7401
1380341021536,38138,1612,5211,142,41421,4768,6288,7401
1380344630256,38148,1612,5212,142,41420,4768,6288,7401
1380348220533,38150,1612,5212,142,41420,4768,6288,7401
1380351820525,38153,1612,5212,142,41420,4768,6288,7401
1380355417027,38155,1612,5212,142,41420,4768,6288,7401
1380359015990,38155,1612,5212,142,41420,4768,6288,7401
1380362619308,38156,1612,5212,142,41420,4768,6288,7401
1380366221727,38156,1612,5212,142,41420,4768,6288,7401
1380369819623,38158,1612,5212,142,41420,4768,6288,7401
1380373421768,38158,1612,5212,142,41420,4768,6288,7401
1380377025310,38160,1612,5214,143,41421,4768,6288,7401
1380380619834,38170,1612,5214,143,41421,4768,6288,7401
1380384226361,38180,1614,5214,143,41423,4768,6289,7401
1380387826360,38188,1614,5215,143,41425,4768,6289,7401
1380391419632,38211,1614,5216,144,41426,4768,6289,7401
1380395017585,38229,1616,5217,144,41426,4768,6289,7401
1380398624229,38239,1616,5217,144,41427,4768,6289,7402
1380402217593,38250,1618,5218,144,41427,4768,6289,7402
1380405821585,38261,1622,5218,145,41429,4768,6289,7403
1380409415383,38268,1621,5219,145,41432,4768,6289,7403
1380413026791,38282,1621,5219,145,41430,4768,6289,7403
1380459899498,38352,1625,5222,147,41439,4769,6289,7404
1380463440838,38351,1627,5222,147,41439,4769,6289,7404
1380467038915,38356,1628,5222,147,41440,4769,6289,7404
1380470668631,38367,1629,5222,148,41441,4770,6289,7404
1380474268102,38382,1631,5224,148,41442,4770,6289,7404
1380477901109,38392,1631,5224,148,41443,4770,6289,7404
1380481516750,38400,1631,5225,148,41445,4770,6289,7404
1380485054157,38413,1632,5225,149,41447,4770,6289,7404
1380488638762,38425,1633,5225,149,41448,4770,6289,7404
1380492203060,38445,1635,5224,149,41449,4770,6289,7404
1380495824138,38452,1637,5224,149,41451,4770,6289,7404
1380499432660,38467,1638,5224,150,41452,4770,6289,7404
1380503142900,38488,1639,5225,150,41455,4770,6289,7404
1380506612871,38507,1640,5226,150,41457,4770,6289,7404
1380510210393,38519,1642,5227,151,41457,4770,6289,7404
1380513935504,38529,1642,5228,151,41460,4770,6289,7404
1380517448953,38537,1642,5228,151,41460,4770,6289,7404
1380521115817,38542,1643,5228,151,41460,4770,6289,7404
1380524674298,38545,1643,5228,152,41461,4770,6289,7404
1380528307876,38547,1643,5228,152,41461,4770,6289,7404
1380531844894,38547,1644,5228,152,41461,4770,6289,7404
1380535454446,38547,1644,5228,152,41461,4770,6289,7404
1380539056871,38547,1644,5228,152,41461,4770,6289,7404
1380542658822,38549,1644,5229,152,41461,4770,6289,7404
1380546255490,38549,1644,5230,152,41461,4770,6289,7404
1380549850888,38551,1644,5230,152,41462,4770,6289,7404
1380553463650,38556,1645,5231,152,41462,4770,6289,7404
1380557135188,38563,1645,5232,152,41462,4770,6289,7405
1380560709602,38581,1646,5236,152,41463,4770,6289,7405
1380564308993,38590,1646,5238,153,41462,4770,6289,7405
1380567813048,38596,1647,5242,153,41464,4770,6289,7405
1380571421695,38609,1647,5244,153,41467,4770,6289,7405
1380575023887,38625,1647,5257,153,41467,4770,6289,7406
1380578634284,38637,1649,5259,154,41466,4770,6289,7406
1380582223538,38658,1650,5268,154,41465,4770,6289,7406
1380585835535,38679,1653,5272,155,41466,4770,6289,7406
1380589431573,38696,1653,5279,155,41466,4770,6289,7406
1380593023676,38712,1653,5281,155,41470,4770,6289,7406
1380596729908,38730,1655,5283,156,41476,4770,6289,7406
1380600339541,38752,1656,5289,156,41480,4770,6289,7406
1380603922095,38766,1656,5291,156,41481,4770,6289,7406
1380607423145,38772,1656,5298,157,41482,4770,6289,7406
1380611051360,38773,1657,5299,157,41483,4770,6289,7406
1380614620825,38774,1657,5299,157,41483,4770,6289,7406
1380618216467,38774,1657,5300,157,41483,4770,6289,7406
1380621823952,38775,1657,5300,157,41483,4770,6289,7406
1380625436389,38777,1657,5301,157,41483,4770,6289,7406
1380629014661,38778,1657,5302,157,41483,4770,6289,7406
1380632640984,38780,1657,5306,157,41484,4770,6289,7407
1380636217913,38782,1657,5318,157,41485,4770,6289,7407
1380639822492,38783,1658,5332,157,41486,4770,6289,7407
1380643425116,38788,1659,5344,157,41486,4770,6289,7407
1380647028352,38794,1661,5354,158,41486,4770,6289,7408
1380650614622,38803,1661,5358,158,41487,4770,6289,7408
1380654228564,38812,1661,5362,158,41489,4770,6289,7408
1380657843438,38821,1662,5368,158,41490,4770,6289,7409
