time,debruces,providenciacol,fede2001,reygordiflon,thecolombians,elmismosebas,unloquer,estebangiraldo,tarmacreggae,_donkristobal_,selovendoco,pulpomancito,saleconelsol,aerolineaada
1378928718224,209,254,311,70,2042,663,83,257,185,772,237,453,45,1915
1378957511534,209,254,311,70,2042,662,83,257,185,772,237,453,45,1915
1378993252919,209,254,311,70,2042,661,83,257,185,772,237,453,45,1916
1378994624504,209,254,311,70,2042,661,83,257,185,772,237,453,45,1917
1379358228639,209,255,312,70,2040,655,83,258,185,772,237,455,53,1916
1379361913684,209,255,312,70,2040,655,83,258,185,772,237,455,53,1916
1379362340039,209,255,312,70,2040,655,83,258,185,772,237,455,53,1916
1379365448648,209,255,314,70,2040,656,83,258,185,772,237,455,53,1916
1379369001150,209,255,314,70,2040,656,83,258,185,772,237,455,53,1916
1379372744796,209,255,314,70,2040,656,83,258,185,772,237,455,53,1916
1379376203255,209,255,314,70,2040,656,83,258,185,772,237,455,53,1916
1379379791979,209,255,314,70,2040,656,83,258,185,772,237,455,53,1916
1379383513878,209,255,314,70,2040,656,83,258,185,772,237,455,53,1916
1379387082793,209,255,314,70,2040,656,83,257,185,772,237,455,53,1916
1379390653678,209,255,314,70,2040,656,83,257,185,772,237,455,53,1916
1379394227469,209,255,314,70,2040,656,83,257,185,772,237,455,53,1916
1379397814130,209,255,314,70,2040,656,83,257,185,772,237,455,53,1916
1379401445678,209,255,314,70,2040,656,83,257,185,772,237,455,53,1916
1379405028017,209,255,314,70,2040,656,83,257,185,772,237,455,53,1916
1379408635163,209,255,314,70,2040,656,83,257,185,772,237,455,53,1916
1379412242154,209,255,314,70,2040,656,83,257,185,772,237,455,53,1916
1379415910099,209,255,314,70,2040,656,83,257,185,772,237,455,53,1916
1379416949603,209,255,314,70,2040,656,83,257,185,772,237,455,53,1916
1379417212525,209,255,314,70,2040,656,83,257,185,772,237,455,53,1916
1379419458661,209,255,314,70,2040,656,83,257,185,772,237,455,54,1916,767,115,743,5860,339
1379423107937,209,255,314,70,2040,656,83,257,185,772,237,455,54,1916,767,115,743,5860,339
1379430268248,209,255,314,70,2040,656,83,257,185,772,237,455,54,1916,767,115,743,5860,339
1379433804093,209,255,314,70,2040,656,83,257,185,772,237,455,55,1916,767,115,743,5860,339
1379437479094,209,255,314,70,2040,656,83,257,185,772,237,455,55,1916,768,115,743,5860,339
1379440986077,209,255,314,70,2041,656,83,257,185,772,237,455,55,1916,768,115,743,5860,339
1379444590502,209,255,314,70,2041,656,83,257,185,772,237,455,55,1916,768,115,743,5860,339
1379448265545,209,255,314,70,2041,656,83,257,185,772,237,455,55,1916,768,115,743,5860,339
1379451792276,209,255,314,70,2041,656,83,257,185,772,237,455,55,1916,768,115,743,5860,339
