time,Herenciagrupo,JBALVIN,crewpeligrosos,alkilados,monsieurperine,KevinFlorezMusc,bombaestereo,ndreaEcheverri,MALUMACOLOMBIA,LosPetitFellas,Diamantelectric,carlosvives,SilvestreFDC,Esteman,DoctorKrapula,REYKON_,WOLFINE98,freakycolectivo,CabasMusica,AndresCepeda1,LA33Orquesta,Calidandee,TribuBaharu,chocquibtown,jiggydrama,LosCandelarios,ilona_antante,maiamusical,AdrianaLucia_,mariamulatas,PipeBueno,LucasArnau,PASABORDO,piso21music,MojitoLite,sebastianyepes,MAUROPALODEAGUA,Guayacanoficial,gruponiche,Mambanegralatin,consupopular,YoungF_ElPrefe,mirandasoulband,Angelikaproject
1380131596133,4986,2048988,7232,127580,86686,30384,113739,19493,726407,4361,1959,2031961,995748,66,254335,817142,89870,6470,55255,1045675,27152,265205,493,779104,230003,9406,11316,125342,226952,2699,663978,406540,407299,89566,13668,198114,94111,12013,71334,859,1735,2921,52086,930
1380132855023,4986,2049022,7233,127587,86686,30386,113744,19495,726435,4360,1959,2032063,995777,66,254338,817166,89875,6470,55253,1045724,27154,265213,493,779113,230003,9407,11316,125343,226952,2701,663987,406548,407308,89569,13676,198116,94110,12015,71335,859,1735,2921,52088,930
1380136427203,4990,2049172,7235,127612,86689,30392,113755,19499,726602,4361,1960,2032358,995932,66,254352,817276,89877,6472,55254,1045898,27156,265239,493,779131,230005,9407,11320,125352,226962,2702,664021,406558,407352,89572,13684,198117,94110,12026,71339,859,1736,2922,52096,930
1380140043811,4990,2049338,7235,127631,86693,30407,113767,19504,726781,4361,1961,2032655,996061,66,254362,817362,89884,6473,55255,1046082,27156,265254,493,779142,230004,9407,11321,125359,226965,2702,664075,406569,407398,89579,13700,198122,94108,12040,71346,859,1736,2921,52100,930
1380143653882,4990,2049496,7236,127647,86693,30423,113775,19514,726957,4361,1960,2032962,996201,66,254371,817462,89890,6473,55258,1046275,27160,265271,493,779160,230000,9408,11322,125372,226964,2702,664129,406586,407440,89594,13711,198126,94107,12045,71351,859,1735,2924,52102,930
1380147275490,4990,2049632,7238,127668,86700,30434,113789,19512,727134,4363,1960,2033251,996319,66,254383,817562,89901,6475,55258,1046455,27161,265300,493,779171,229999,9409,11324,125376,226968,2703,664178,406587,407488,89604,13722,198128,94109,12049,71355,859,1737,2926,52106,930
1380150831926,4989,2049809,7239,127685,86702,30441,113789,19514,727335,4364,1961,2033568,996430,66,254379,817680,89908,6476,55258,1046646,27165,265316,493,779189,229993,9410,11324,125385,226973,2704,664213,406589,407539,89619,13727,198130,94106,12052,71358,859,1737,2927,52114,930
1380154451926,4990,2049966,7239,127703,86704,30447,113800,19520,727513,4367,1962,2033851,996568,66,254383,817797,89909,6477,55256,1046849,27169,265329,494,779192,229993,9411,11325,125398,226976,2704,664262,406601,407591,89630,13733,198146,94102,12058,71367,859,1737,2929,52119,930
1380161654965,4992,2050264,7240,127734,86714,30463,113805,19532,727848,4373,1961,2034475,996867,66,254398,817997,89925,6477,55256,1047473,27176,265351,494,779206,229984,9413,11325,125429,226993,2707,664345,406633,407671,89671,13754,198148,94101,12074,71381,859,1737,2932,52154,931
1380165261205,4992,2050407,7238,127747,86722,30477,113808,19532,728456,4374,1960,2034742,996986,66,254391,818082,89931,6477,55255,1047685,27180,265359,494,779224,229980,9411,11327,125446,226995,2706,664381,406639,407707,89679,13768,198151,94099,12084,71391,859,1737,2934,52175,931
1380168853459,4995,2050489,7239,127755,86731,30484,113818,19533,728625,4378,1961,2034955,997084,66,254406,818144,89932,6479,55251,1047838,27180,265373,494,779239,229979,9412,11330,125456,226999,2707,664430,406655,407744,89693,13774,198157,94102,12097,71400,859,1737,2934,52181,931
1380172411667,4994,2050539,7239,127765,86734,30491,113819,19535,728737,4379,1960,2035086,997132,66,254406,818188,89933,6478,55255,1047926,27183,265384,494,779254,229977,9413,11332,125462,227002,2707,664446,406665,407769,89696,13778,198158,94103,12098,71405,859,1737,2936,52182,931
1380176007697,4994,2050539,7240,127767,86741,30493,113825,19535,728773,4381,1960,2035138,997154,66,254407,818201,89931,6479,55253,1047955,27184,265388,494,779253,229974,9413,11334,125461,227003,2707,664454,406666,407788,89698,13780,198156,94104,12099,71403,859,1737,2937,52181,931
1380179612188,4994,2050554,7240,127769,86745,30496,113827,19536,728791,4382,1960,2035177,997165,66,254407,818207,89932,6479,55255,1047973,27185,265392,494,779254,229975,9414,11334,125463,227007,2707,664462,406668,407788,89698,13781,198156,94104,12100,71409,859,1737,2938,52182,931
1380183209075,4994,2050563,7240,127771,86745,30495,113827,19536,728799,4381,1960,2035196,997176,66,254408,818210,89934,6479,55255,1047989,27185,265397,494,779256,229975,9414,11333,125462,227008,2707,664464,406671,407794,89699,13781,198158,94104,12100,71410,859,1737,2938,52182,931
1380186816096,4995,2050566,7240,127771,86743,30496,113828,19536,728806,4381,1960,2035216,997178,66,254409,818214,89934,6479,55255,1048001,27185,265398,494,779261,229975,9414,11333,125462,227007,2708,664468,406672,407794,89699,13781,198158,94104,12100,71410,859,1737,2938,52182,931
1380190409892,4995,2050570,7240,127772,86742,30497,113827,19536,728810,4381,1960,2035229,997184,66,254409,818215,89934,6479,55253,1048004,27185,265410,494,779262,229974,9414,11333,125463,227006,2708,664466,406671,407793,89700,13782,198158,94103,12100,71410,859,1737,2938,52181,931
1380194023758,4995,2050580,7240,127776,86742,30498,113830,19536,728819,4381,1960,2035272,997201,66,254409,818225,89934,6479,55252,1048023,27185,265414,494,779265,229974,9413,11334,125464,227007,2708,664470,406672,407796,89704,13784,198159,94103,12100,71412,859,1737,2938,52184,931
1380633205823,5197,2060320,7286,129187,87119,31058,114093,19666,739861,4448,1963,2053834,1004325,65,255030,824195,90371,6510,55200,1060720,27300,267001,501,779919,229738,9450,11441,126187,227624,2749,667636,407756,410365,90259,14085,198603,94148,12330,71855,870,1749,3132,52819,932
1380636809497,5197,2060400,7285,129206,87124,31064,114095,19665,739913,4448,1964,2053955,1004362,65,255034,824251,90387,6510,55204,1060799,27301,267021,501,779926,229738,9450,11443,126196,227635,2750,667666,407767,410387,90262,14087,198610,94149,12335,71860,870,1749,3133,52826,932
1380640397824,5196,2060510,7285,129220,87128,31067,114100,19666,740018,4451,1965,2054126,1004430,65,255039,824307,90388,6510,55206,1060951,27300,267038,501,779937,229732,9450,11445,126202,227641,2751,667702,407778,410417,90266,14091,198615,94150,12335,71865,871,1749,3134,52834,933
1380644005991,5196,2060622,7288,129239,87134,31075,114103,19669,740125,4453,1968,2054317,1004493,65,255050,824372,90391,6511,55209,1061070,27300,267041,501,779935,229731,9450,11447,126209,227643,2751,667729,407788,410438,90273,14093,198622,94150,12336,71868,872,1749,3134,52834,934
1380647623383,5197,2060717,7288,129262,87134,31079,114109,19670,740263,4455,1968,2054500,1004564,65,255052,824437,90401,6511,55207,1061184,27300,267072,501,779936,229728,9451,11447,126216,227646,2751,667746,407794,410455,90284,14097,198624,94151,12339,71878,872,1749,3136,52836,934
1380651183378,5196,2060808,7286,129274,87136,31085,114108,19671,740352,4455,1968,2054650,1004615,65,255051,824484,90403,6512,55210,1061277,27298,267081,501,779933,229728,9451,11447,126220,227652,2751,667776,407802,410482,90287,14099,198625,94152,12346,71881,872,1749,3137,52839,935
1380654793185,5196,2060925,7287,129293,87140,31089,114104,19673,740476,4455,1968,2054851,1004710,65,255056,824552,90410,6512,55215,1061419,27299,267086,501,779949,229727,9452,11447,126225,227661,2751,667818,407821,410505,90295,14100,198632,94151,12351,71887,872,1750,3139,52846,935
